Timestamp,NorthSupply,NorthUsage,CenterSupply,CenterUsage,SouthSupply,SouthUsage,EastSupply,EastUsage
2016-09-27 12:10:00,648.4,841.3,733.0,564.4,839.6,799.9,14.0,29.3
2016-09-27 13:10:00,601.3,826.4,725.4,535.9,827.3,777.9,14.0,27.6
2016-09-27 14:10:00,500.9,789.5,759.0,506.7,821.5,771.3,13.9,27.9
2016-09-27 15:10:00,516.1,773.6,717.1,450.8,744.2,737.3,13.9,29.5
2016-09-27 16:10:00,530.2,778.0,691.6,432.2,746.0,735.3,8.7,31.0
2016-09-27 17:10:00,546.3,783.1,703.0,449.1,751.7,739.4,4.7,34.1
2016-09-27 18:10:00,579.0,814.3,713.3,486.4,782.1,739.4,4.7,39.1
2016-09-27 19:10:00,604.3,812.4,701.2,478.0,745.1,725.2,4.7,39.6
2016-09-27 20:10:00,620.6,809.0,692.5,490.5,740.3,717.4,4.7,41.1
2016-09-27 21:10:00,616.1,796.6,688.8,487.1,714.3,699.2,4.7,41.1
2016-09-27 22:10:00,570.3,770.5,696.1,494.8,713.8,680.5,4.7,39.0
2016-09-27 23:10:00,543.7,725.4,696.3,494.2,687.6,675.1,4.7,37.7
2016-09-28 00:10:00,516.3,708.2,659.1,477.2,699.7,658.4,4.7,36.0
2016-09-28 01:10:00,515.0,672.2,598.3,456.0,689.4,644.8,4.7,34.3
2016-09-28 02:10:00,485.8,653.6,560.9,442.0,706.0,628.8,4.7,32.9
2016-09-28 03:10:00,466.7,640.5,511.1,430.5,742.5,621.3,4.7,32.7
2016-09-28 04:10:00,434.6,622.4,489.1,421.5,766.1,617.2,4.7,33.4
2016-09-28 05:10:00,429.2,622.0,490.2,420.7,760.8,609.3,4.7,33.0
2016-09-28 06:10:00,441.2,622.1,487.6,421.2,747.5,604.5,4.6,33.2
2016-09-28 07:10:00,459.0,657.1,519.8,437.8,766.0,620.1,4.7,34.4
2016-09-28 08:10:00,484.7,716.3,599.8,472.2,772.5,638.2,4.6,34.9
2016-09-28 09:10:00,531.9,790.4,696.7,512.9,782.1,675.7,4.6,36.3
2016-09-28 10:10:00,601.7,861.2,685.9,529.2,836.7,705.2,9.3,38.0
2016-09-28 11:10:00,663.5,912.4,682.5,551.0,883.8,738.5,5.7,33.6
2016-09-28 12:10:00,670.5,941.4,698.0,547.1,905.7,757.6,5.8,33.8
2016-09-28 13:10:00,669.9,963.9,746.7,563.2,899.5,761.1,5.8,33.6
2016-09-28 14:10:00,688.5,974.6,745.2,570.2,918.8,779.4,5.8,34.0
2016-09-28 15:10:00,695.9,973.1,755.8,580.1,909.0,779.6,5.8,33.7
2016-09-28 16:10:00,722.4,973.3,748.3,594.1,915.5,790.7,5.8,34.0
2016-09-28 17:10:00,748.5,973.7,757.5,600.8,915.9,816.5,5.8,36.6
2016-09-28 18:10:00,786.0,1018.0,779.1,645.0,963.0,829.6,5.7,41.3
2016-09-28 19:10:00,806.4,1018.1,757.4,648.3,978.6,840.9,5.8,41.0
2016-09-28 20:10:00,789.1,1007.5,759.8,650.6,979.2,837.3,8.2,40.9
2016-09-28 21:10:00,816.7,1003.0,716.2,650.0,985.3,833.9,8.3,39.5
2016-09-28 22:10:00,765.2,963.8,723.2,638.1,954.6,811.9,8.3,37.6
2016-09-28 23:10:00,724.1,932.6,716.8,607.7,909.2,784.0,8.3,34.2
2016-09-29 00:10:00,704.4,862.5,612.7,580.3,905.6,755.8,8.3,32.3
2016-09-29 01:10:00,664.1,815.9,591.8,555.9,865.5,728.1,8.3,29.8
2016-09-29 02:10:00,653.6,769.9,536.1,548.2,863.2,714.6,8.2,28.4
2016-09-29 03:10:00,658.8,747.8,486.9,535.2,864.2,707.2,8.2,27.9
2016-09-29 04:10:00,639.7,740.1,487.2,536.8,865.4,696.0,8.3,27.6
2016-09-29 05:10:00,641.0,724.9,481.9,545.2,869.8,703.4,8.2,27.4
2016-09-29 06:10:00,679.7,752.0,459.7,539.3,871.0,699.7,8.2,27.5
2016-09-29 07:10:00,740.1,812.7,472.1,549.8,901.8,731.4,8.2,28.3
2016-09-29 08:10:00,790.4,961.6,634.8,644.2,1009.6,806.1,8.0,30.7
2016-09-29 09:10:00,908.7,1158.8,845.6,735.7,1059.0,891.6,8.3,35.6
2016-09-29 10:10:00,956.4,1209.4,871.3,755.7,1093.7,927.9,8.3,36.6
2016-09-29 18:10:00,1033.2,1214.8,909.9,796.5,1070.0,967.5,8.9,43.4
2016-09-29 19:10:00,1014.2,1193.5,918.4,805.4,1067.0,966.6,9.0,43.1
2016-09-29 20:10:00,951.4,1166.7,917.0,798.5,1068.2,937.4,9.0,43.0
2016-09-29 21:10:00,947.4,1109.9,867.9,754.6,1010.6,929.1,9.0,41.2
2016-09-29 22:10:00,863.0,1051.6,877.3,738.1,973.8,894.2,9.0,39.1
2016-09-29 23:10:00,863.0,1011.7,826.8,711.7,935.0,873.8,9.0,36.6
2016-09-30 00:10:00,825.8,925.7,709.6,670.7,916.9,830.9,9.0,34.0
2016-09-30 01:10:00,792.2,870.0,669.1,644.8,859.2,783.2,9.0,31.4
2016-09-30 02:10:00,755.6,817.8,617.1,616.5,855.9,773.4,8.9,29.8
2016-09-30 03:10:00,757.0,797.7,575.5,616.4,856.6,754.9,9.0,29.2
2016-09-30 04:10:00,734.9,782.7,578.5,592.0,829.1,748.0,9.0,28.8
2016-09-30 05:00:00,719.4,782.2,555.5,595.4,855.4,732.9,9.0,28.8
2016-09-30 06:10:00,750.5,792.0,542.4,586.7,839.3,733.3,9.0,29.2
2016-09-30 07:10:00,803.1,839.4,566.8,615.1,856.5,750.9,8.9,30.0
2016-09-30 08:10:00,816.8,978.8,758.7,699.0,944.9,818.8,8.7,32.4
2016-09-30 09:10:00,925.3,1166.3,926.6,781.5,1047.1,922.4,8.9,37.8
2016-09-30 10:10:00,997.5,1215.1,895.6,786.5,1100.9,962.7,8.9,38.5
2016-09-30 11:10:00,1071.5,1269.8,917.0,809.9,1118.2,992.5,7.5,42.0
2016-09-30 12:10:00,1041.1,1262.5,909.5,774.5,1098.4,983.3,12.6,41.4
2016-09-30 13:10:00,1033.3,1220.5,874.5,764.6,1077.5,973.2,12.1,39.1
2016-09-30 14:10:00,1087.1,1262.3,901.4,806.1,1119.4,1011.6,12.3,40.3
2016-09-30 15:10:00,1084.3,1250.2,885.1,800.9,1106.5,996.5,12.4,40.6
2016-09-30 16:10:00,1065.9,1241.5,885.4,798.2,1107.0,990.9,12.4,40.2
2016-09-30 17:10:00,998.9,1213.8,887.2,777.5,1100.6,966.3,12.4,41.4
2016-09-30 18:10:00,1016.7,1193.3,895.5,808.9,1087.8,967.0,12.3,43.1
2016-09-30 19:10:00,967.9,1172.8,888.0,797.5,1102.0,957.1,13.3,43.9
2016-09-30 20:10:00,886.3,1131.6,890.9,783.3,1101.8,934.6,13.3,42.9
2016-09-30 21:10:00,913.3,1097.3,888.8,757.3,1009.2,928.4,13.4,41.7
2016-09-30 22:10:00,884.0,1037.6,846.7,719.8,957.3,905.0,13.4,39.0
2016-09-30 23:10:00,838.1,987.1,831.7,694.9,922.3,886.0,13.4,37.4
2016-10-01 00:10:00,779.2,928.5,772.6,665.8,909.6,846.9,13.3,33.6
2016-10-01 01:10:00,761.0,875.6,656.4,638.9,917.8,802.7,13.4,31.5
2016-10-01 02:10:00,740.1,834.2,613.5,626.0,911.3,787.8,13.2,30.1
2016-10-01 03:10:00,727.6,804.7,576.9,623.2,912.1,772.3,13.3,29.7
2016-10-01 04:10:00,705.8,786.5,576.8,614.9,884.0,748.9,13.3,29.6
2016-10-01 05:10:00,679.0,776.0,581.9,581.5,858.0,745.4,13.3,29.3
2016-10-01 06:10:00,701.4,768.8,572.7,594.3,850.9,744.5,13.2,30.5
2016-10-01 07:10:00,729.1,800.4,584.9,594.8,856.3,757.9,13.3,30.4
2016-10-01 08:10:00,766.6,852.0,623.0,646.8,906.3,778.1,13.1,32.1
2016-10-01 09:10:00,813.9,942.5,778.4,703.0,921.6,847.7,13.2,34.0
2016-10-01 10:10:00,885.9,1008.1,824.7,726.4,935.7,889.1,13.3,36.0
2016-10-01 11:10:00,943.0,1062.0,827.6,746.0,967.2,904.6,13.3,38.6
2016-10-01 12:10:00,907.5,1088.3,849.3,731.5,1000.9,912.8,13.6,38.7
2016-10-01 13:10:00,901.7,1080.8,869.9,736.7,982.3,911.6,13.2,38.0
2016-10-01 14:10:00,920.8,1099.4,840.1,763.5,1045.2,918.3,13.4,38.1
2016-10-01 15:10:00,919.1,1084.5,826.3,762.5,1034.3,908.0,13.3,38.0
2016-10-01 16:10:00,882.2,1067.9,825.8,753.4,1043.9,906.4,13.3,37.4
2016-10-01 17:10:00,873.4,1047.7,800.6,732.3,1019.2,887.1,13.4,39.5
2016-10-01 18:10:00,876.7,1044.5,811.2,733.2,1029.6,911.4,13.2,41.6
2016-10-01 19:10:00,893.8,1055.5,824.6,740.8,1015.7,909.3,13.3,41.8
2016-10-01 20:10:00,890.7,1049.9,781.4,737.3,1036.7,893.9,13.4,41.0
2016-10-01 21:10:00,898.8,1033.3,783.7,717.8,990.2,895.2,13.4,39.9
2016-10-01 22:10:00,863.9,991.2,766.4,723.0,966.0,856.2,13.4,39.2
2016-10-01 23:10:00,797.4,949.7,764.4,708.4,964.9,846.0,13.3,36.0
2016-10-02 00:10:00,781.1,904.3,698.9,678.1,926.4,804.0,13.4,33.5
2016-10-02 01:10:00,742.0,844.5,641.2,652.3,922.3,790.9,13.3,31.2
2016-10-02 02:10:00,717.5,802.8,587.4,630.4,904.1,758.7,13.4,30.4
2016-10-02 03:10:00,691.9,768.4,554.6,621.2,890.9,731.9,13.3,29.2
2016-10-02 04:10:00,675.9,760.8,525.6,600.5,902.1,727.0,13.5,28.8
2016-10-02 05:10:00,661.4,744.3,534.0,594.1,869.6,710.7,13.2,29.1
2016-10-02 06:10:00,632.6,734.4,527.2,567.9,865.7,707.9,13.3,28.6
2016-10-02 07:10:00,630.1,750.5,546.6,568.6,866.5,707.7,13.2,29.6
2016-10-02 08:10:00,665.9,783.2,588.1,603.9,886.8,734.9,13.2,32.1
2016-10-02 09:10:00,683.0,863.7,687.3,611.5,895.9,769.5,13.3,34.8
2016-10-02 10:10:00,710.2,908.1,757.1,633.9,899.1,802.1,13.2,35.6
2016-10-02 11:10:00,740.3,958.3,762.6,650.2,947.6,817.9,13.3,37.4
2016-10-02 12:10:00,766.2,989.0,775.8,651.8,946.4,822.9,13.3,37.9
2016-10-02 13:10:00,779.2,1001.6,776.0,676.5,981.5,834.2,13.3,37.7
2016-10-02 14:10:00,777.5,999.0,782.9,670.7,968.1,834.3,13.2,37.7
2016-10-02 15:10:00,799.8,994.1,766.3,680.4,964.1,831.2,13.3,37.9
2016-10-02 16:10:00,806.8,982.4,750.8,670.4,951.3,832.2,13.3,37.1
2016-10-02 17:10:00,784.1,977.2,781.4,664.7,932.7,833.2,13.2,36.4
2016-10-02 18:10:00,827.9,1015.2,822.9,690.3,962.8,880.4,13.2,40.9
2016-10-02 19:10:00,871.5,1026.3,797.1,713.7,978.4,879.3,13.4,41.0
2016-10-02 20:10:00,872.9,1031.6,828.8,738.5,986.0,889.3,13.4,41.7
2016-10-02 21:10:00,861.3,1011.8,806.2,726.2,980.5,883.1,13.3,40.2
2016-10-02 22:10:00,869.6,998.6,762.2,714.8,989.5,882.1,13.5,39.3
2016-10-02 23:10:00,795.1,947.6,757.5,688.6,950.7,844.9,13.4,35.6
2016-10-03 00:10:00,793.0,884.9,691.1,654.7,895.4,821.0,13.4,32.3
2016-10-03 14:10:00,1150.5,1275.4,914.5,806.3,1083.0,1037.1,13.8,42.9
2016-10-03 15:10:00,1111.3,1250.3,950.2,820.0,1074.4,1037.2,13.7,42.1
2016-10-03 16:10:00,1114.3,1251.4,942.1,806.4,1069.2,1038.7,13.8,43.0
2016-10-03 17:10:00,1094.9,1213.4,859.8,763.9,1049.3,996.8,13.9,43.8
2016-10-03 18:10:00,1107.7,1232.6,936.1,781.9,1038.6,1035.3,13.9,46.5
2016-10-03 19:10:00,1112.9,1217.1,875.0,770.9,1040.1,1007.6,13.9,46.3
2016-10-03 20:10:00,1075.3,1191.0,860.7,739.6,1022.1,995.3,14.0,46.1
2016-10-03 21:10:00,1065.7,1155.5,859.9,683.3,932.6,987.7,13.8,45.4
2016-10-03 22:10:00,1042.3,1128.7,836.4,641.9,892.1,971.2,13.9,43.0
2016-10-03 23:10:00,964.5,1065.0,828.3,645.4,886.7,943.0,13.8,39.9
2016-10-04 00:10:00,932.7,1028.4,727.0,593.4,894.0,908.1,13.9,37.6
2016-10-04 01:10:00,915.2,978.8,620.6,541.1,871.0,865.2,13.8,35.6
2016-10-04 02:10:00,930.8,967.3,551.4,498.4,831.4,827.9,13.9,33.9
2016-10-04 03:10:00,913.2,948.8,528.3,493.1,825.9,806.1,13.8,33.1
2016-10-04 04:10:00,887.0,921.6,494.8,473.8,823.1,790.8,13.8,32.5
2016-10-04 05:10:00,892.4,925.6,502.0,478.7,824.7,795.9,13.8,32.7
2016-10-04 06:10:00,887.9,930.2,496.6,476.2,824.7,784.7,13.8,31.9
2016-10-04 07:10:00,882.0,945.4,558.2,513.1,835.5,796.6,13.6,34.3
2016-10-04 08:10:00,920.6,1030.4,738.8,632.9,902.1,874.5,13.4,37.2
2016-10-04 09:10:00,1074.1,1181.1,862.5,721.2,976.5,982.3,13.7,42.2
2016-10-04 10:10:00,1085.2,1222.0,897.9,771.8,1068.1,1025.7,13.8,45.5
2016-10-04 12:10:00,1072.4,1203.3,879.7,764.6,1042.6,996.2,13.8,44.5
2016-10-04 13:10:00,1116.3,1241.6,927.1,820.8,1095.8,1045.4,13.8,45.1
2016-10-04 14:10:00,1139.6,1263.0,972.5,850.6,1092.0,1059.0,13.8,45.3
2016-10-04 15:10:00,1137.5,1251.6,951.7,839.0,1078.2,1045.3,13.8,45.3
2016-10-04 16:10:00,1129.8,1238.8,962.1,844.7,1055.2,1031.6,13.8,45.8
2016-10-04 17:10:00,1081.1,1206.5,929.5,795.5,1017.5,993.4,12.8,45.5
2016-10-04 18:10:00,1125.3,1212.6,957.2,826.0,1019.0,1029.0,12.8,46.8
2016-10-04 19:10:00,1112.3,1185.7,936.5,819.5,1009.3,1019.6,12.9,46.2
2016-10-04 20:10:00,1055.0,1143.1,919.6,797.7,1003.3,1002.6,12.9,47.6
2016-10-04 21:10:00,1045.9,1106.5,919.8,768.4,925.8,983.1,12.9,46.4
2016-10-04 22:10:00,995.5,1027.0,861.5,732.6,898.4,965.9,12.9,42.7
2016-10-04 23:10:00,986.0,987.9,841.8,747.3,872.7,937.9,12.8,40.3
2016-10-05 00:10:00,987.8,935.0,748.6,702.3,842.8,915.5,13.0,39.5
2016-10-05 01:10:00,942.2,883.4,692.0,691.8,826.8,860.2,12.9,38.5
2016-10-05 02:10:00,897.0,833.0,637.4,659.6,825.9,844.5,12.9,36.1
2016-10-05 03:10:00,881.7,804.4,587.7,640.0,830.3,833.0,12.9,35.2
2016-10-05 04:10:00,869.2,777.4,550.7,636.0,815.3,799.2,12.8,35.4
2016-10-05 05:10:00,858.1,786.4,558.0,625.5,820.8,802.0,12.9,35.8
2016-10-05 06:10:00,852.7,789.4,559.4,629.9,820.1,790.0,12.8,35.7
2016-10-05 07:10:00,867.0,843.0,592.4,620.0,836.5,810.6,12.7,35.0
2016-10-05 08:10:00,919.0,970.8,741.7,698.1,903.0,870.5,11.8,36.1
2016-10-05 09:10:00,1099.2,1144.7,920.2,799.8,917.2,963.1,12.0,41.1
2016-10-05 10:10:00,1121.0,1217.8,894.1,806.3,1054.1,1013.0,12.1,44.2
2016-10-05 11:10:00,1150.8,1264.3,931.2,819.7,1092.9,1058.8,11.8,43.9
2016-10-05 12:10:00,1128.8,1260.1,912.6,783.9,1094.6,1054.1,7.5,45.4
2016-10-05 13:10:00,1100.6,1232.5,932.6,786.7,1055.0,1038.9,12.6,42.7
2016-10-05 14:10:00,1148.7,1282.9,966.0,829.4,1106.5,1079.4,14.8,44.4
2016-10-05 15:10:00,1148.5,1266.2,947.8,821.2,1095.0,1074.2,14.8,44.4
2016-10-05 16:10:00,1140.1,1244.0,946.5,835.6,1092.2,1066.7,11.8,44.4
2016-10-05 17:10:00,1070.0,1223.3,922.5,802.6,1109.0,1043.6,12.0,44.0
2016-10-05 18:10:00,1104.4,1206.2,926.3,803.5,1086.1,1072.6,11.8,46.3
2016-10-05 19:10:00,1060.2,1196.6,930.9,801.5,1092.7,1051.1,11.9,46.6
2016-10-05 20:10:00,1050.8,1154.6,927.8,783.8,1031.9,1038.4,11.8,45.6
2016-10-05 21:10:00,1022.4,1112.7,901.5,758.3,988.1,1007.6,11.9,45.3
2016-10-05 22:10:00,994.2,1058.7,872.7,743.4,963.4,996.5,11.9,43.6
2016-10-05 23:10:00,934.1,1015.7,866.0,722.1,942.8,974.7,10.9,41.5
2016-10-06 00:10:00,875.4,950.9,820.2,698.0,914.3,933.0,10.9,38.9
2016-10-06 01:10:00,839.2,879.0,730.0,668.5,894.3,889.5,10.9,37.5
2016-10-06 02:10:00,832.7,839.0,644.3,654.2,897.3,857.3,11.0,34.8
2016-10-06 03:10:00,824.0,811.6,587.2,634.5,893.7,841.7,10.8,27.7
2016-10-06 04:10:00,814.3,799.8,558.4,614.6,888.1,828.4,10.8,28.7
2016-10-06 05:10:00,809.7,802.3,565.3,632.1,891.5,811.6,10.9,31.4
2016-10-06 06:10:00,801.2,813.5,568.0,620.3,885.9,798.6,10.8,33.6
2016-10-06 07:10:00,794.0,864.1,632.2,631.1,892.1,800.8,10.7,33.0
2016-10-06 08:10:00,881.1,983.2,798.4,703.0,899.5,867.7,9.5,34.6
2016-10-06 09:10:00,1014.6,1159.2,939.5,787.4,976.2,954.8,9.8,38.7
2016-10-06 10:10:00,1015.9,1218.8,936.5,798.3,1110.5,1014.8,9.9,40.8
2016-10-06 11:10:00,1050.6,1269.9,963.1,820.0,1137.4,1029.0,8.6,40.8
2016-10-06 12:10:00,991.7,1237.6,924.5,758.2,1088.0,982.5,13.3,39.2
2016-10-06 13:10:00,1053.7,1277.2,951.7,817.5,1146.8,1030.4,13.2,40.4
2016-10-06 14:10:00,1099.9,1295.1,974.6,835.6,1123.1,1038.6,13.3,41.5
2016-10-06 15:10:00,1095.1,1276.7,956.8,831.2,1108.4,1025.1,13.3,40.6
2016-10-06 16:10:00,1068.4,1255.0,953.6,828.9,1131.7,1041.7,13.3,41.5
2016-10-06 17:10:00,1041.0,1212.8,938.8,806.8,1103.5,1035.5,13.3,41.4
2016-10-06 18:10:00,1013.0,1215.8,988.2,829.6,1118.6,1042.9,13.2,44.7
2016-10-06 19:10:00,1002.3,1181.5,949.6,825.8,1121.5,1035.8,13.3,43.6
2016-10-06 20:10:00,998.5,1150.4,950.0,807.8,1058.0,1017.6,13.4,44.0
2016-10-06 21:10:00,960.2,1111.9,958.6,776.1,1003.3,1004.9,13.3,42.3
2016-10-06 22:10:00,947.2,1056.9,875.6,751.3,992.4,980.9,13.3,39.4
2016-10-06 23:10:00,896.8,1017.8,859.5,731.4,983.3,967.1,13.3,36.6
2016-10-07 00:10:00,854.2,948.2,806.8,701.6,931.2,921.0,13.4,34.9
2016-10-07 01:10:00,808.2,889.5,731.6,681.0,920.6,870.7,13.3,32.5
2016-10-07 02:10:00,823.9,846.8,621.7,666.6,910.3,824.3,13.4,31.6
2016-10-07 03:10:00,813.0,815.0,599.5,678.4,886.6,787.9,13.2,30.9
2016-10-07 04:10:00,794.8,789.4,561.6,662.6,890.4,777.4,13.2,30.6
2016-10-07 05:10:00,768.9,789.4,564.7,637.5,896.2,784.9,13.3,31.3
2016-10-07 06:10:00,779.0,801.5,558.2,645.8,897.8,769.3,13.2,31.6
2016-10-07 07:10:00,779.7,840.3,574.9,655.6,938.6,778.9,13.1,31.4
2016-10-07 08:10:00,826.0,965.1,794.3,729.1,945.2,851.6,12.8,32.5
2016-10-07 09:10:00,995.3,1125.5,914.3,842.4,1012.1,931.5,13.2,35.5
2016-10-07 10:10:00,1063.7,1174.9,885.4,830.3,1058.2,978.4,13.2,36.9
2016-10-07 11:10:00,1108.1,1222.4,928.3,858.6,1061.4,991.9,13.7,38.7
2016-10-07 12:10:00,1017.9,1167.5,884.6,787.8,1024.1,948.1,13.8,37.1
2016-10-07 13:10:00,1029.1,1166.1,890.9,804.6,1036.5,963.2,13.5,36.1
2016-10-07 14:10:00,1052.9,1206.7,956.3,859.0,1066.0,986.9,13.8,36.3
2016-10-07 15:10:00,1038.8,1188.0,945.2,847.4,1061.0,986.7,13.7,36.6
2016-10-07 16:10:00,1023.9,1189.4,948.3,845.0,1069.6,982.6,13.7,38.5
2016-10-07 17:10:00,1029.9,1170.3,927.7,819.5,1044.2,984.8,13.9,41.2
2016-10-07 18:10:00,1010.1,1163.9,960.3,835.8,1055.7,997.1,13.8,43.1
2016-10-07 19:10:00,992.1,1141.8,914.0,826.0,1063.9,973.0,13.8,43.0
2016-10-07 20:10:00,960.0,1104.0,907.8,820.5,1041.4,956.9,13.8,41.5
2016-10-07 21:10:00,941.1,1066.7,862.2,794.0,1025.2,941.0,13.8,40.6
2016-10-07 22:10:00,871.4,994.2,864.1,741.1,936.9,913.2,13.8,37.7
2016-10-07 23:10:00,834.7,963.5,875.0,755.6,925.3,892.6,13.7,36.9
2016-10-08 00:10:00,821.9,913.8,809.5,729.0,897.5,864.7,13.8,35.1
2016-10-08 01:10:00,804.7,872.5,724.5,697.8,886.1,825.6,13.8,33.2
2016-10-08 02:10:00,756.4,817.1,666.5,662.7,883.7,808.2,13.9,32.3
2016-10-08 03:10:00,754.0,794.7,617.8,660.4,878.4,778.9,13.7,30.0
2016-10-08 04:10:00,754.1,784.5,597.3,640.0,864.9,775.7,13.8,29.9
2016-10-08 05:10:00,743.4,774.1,603.6,637.9,847.4,765.7,13.6,30.3
2016-10-08 06:10:00,753.7,766.2,583.8,634.9,846.8,765.3,13.7,31.6
2016-10-08 07:10:00,761.6,802.5,587.5,634.8,861.5,756.9,13.7,30.3
2016-10-08 08:10:00,783.1,837.0,671.2,677.0,865.7,788.4,13.7,31.3
2016-10-08 09:10:00,782.6,917.9,774.3,705.8,929.5,842.2,13.9,34.5
2016-10-08 10:10:00,798.2,967.0,810.4,731.8,966.8,853.5,14.0,37.1
2016-10-08 11:10:00,869.2,1022.1,855.1,755.4,949.0,871.4,14.0,38.5
2016-10-08 12:10:00,842.9,1038.1,859.0,730.3,949.9,858.8,14.2,38.9
2016-10-08 13:10:00,826.3,1027.4,856.1,736.9,949.0,843.6,14.0,37.5
2016-10-08 14:10:00,850.8,1035.3,854.9,753.4,971.1,864.2,14.0,38.0
2016-10-08 15:10:00,855.6,1018.3,848.8,743.6,950.3,868.5,14.1,38.2
2016-10-08 16:10:00,845.8,1013.0,837.6,739.4,959.7,865.9,14.0,38.7
2016-10-08 17:10:00,849.8,1017.6,835.1,733.6,965.7,873.4,14.1,40.0
2016-10-08 18:10:00,873.8,1036.1,889.5,756.9,963.8,903.7,14.0,44.5
2016-10-08 19:10:00,890.7,1041.2,845.7,742.8,977.6,901.4,14.2,42.9
2016-10-08 20:10:00,862.4,1018.1,830.7,732.8,972.0,885.9,14.0,42.2
2016-10-08 21:10:00,832.7,1003.3,808.2,725.2,980.0,864.4,14.1,42.1
2016-10-08 22:10:00,790.2,941.0,813.2,709.2,936.2,863.8,14.1,39.7
2016-10-08 23:10:00,710.2,906.2,818.9,693.9,933.8,838.3,14.1,38.6
2016-10-09 00:10:00,670.5,840.6,726.3,665.6,932.8,800.5,14.1,37.0
2016-10-09 01:10:00,655.7,798.1,646.3,632.5,927.8,778.2,14.1,34.9
2016-10-09 02:10:00,613.4,758.9,646.2,603.1,860.4,739.3,14.0,32.7
2016-10-09 03:10:00,617.0,736.7,609.0,593.7,854.2,731.3,14.1,32.7
2016-10-09 04:10:00,611.2,719.6,593.1,584.1,849.4,732.4,14.0,31.6
2016-10-09 05:10:00,587.5,710.5,607.8,579.5,842.6,729.7,14.0,32.3
2016-10-09 06:10:00,586.0,717.2,588.4,556.9,836.2,718.2,14.1,32.5
2016-10-09 07:10:00,564.8,711.2,614.5,570.0,835.5,715.6,13.7,31.8
2016-10-09 08:10:00,589.7,741.3,650.4,585.9,849.8,742.9,13.9,33.8
2016-10-09 09:10:00,608.3,792.3,715.4,600.9,853.1,761.8,14.1,35.9
2016-10-09 10:10:00,576.5,805.3,802.3,622.9,855.8,778.8,13.9,41.5
2016-10-09 11:10:00,596.0,840.6,821.5,627.2,864.4,790.3,13.8,37.6
2016-10-09 12:10:00,614.8,851.7,826.1,623.2,839.0,782.0,13.9,37.0
2016-10-09 13:10:00,617.0,850.2,829.5,628.3,836.7,781.8,14.0,36.8
2016-10-09 14:10:00,611.7,835.0,808.5,632.0,833.9,764.1,14.0,37.1
2016-10-09 15:10:00,601.7,828.2,818.9,624.2,827.7,772.4,13.9,37.4
2016-10-09 16:10:00,579.1,828.0,827.4,609.8,854.1,798.2,13.9,38.4
2016-10-09 17:10:00,638.7,851.5,813.2,627.8,863.5,810.4,14.0,39.5
2016-10-09 18:10:00,735.2,896.2,843.2,655.5,872.8,869.6,14.0,43.8
2016-10-09 19:10:00,739.8,895.8,856.8,684.7,860.1,847.8,13.9,42.2
2016-10-09 20:10:00,737.4,889.2,849.1,671.7,852.3,849.3,13.9,42.5
2016-10-09 21:10:00,737.8,880.7,829.6,670.1,858.6,847.8,14.1,41.6
2016-10-09 22:10:00,643.0,819.7,816.2,640.0,837.2,811.6,13.8,38.8
2016-10-09 23:10:00,610.7,793.9,798.7,617.0,819.4,794.6,14.0,37.2
2016-10-10 00:10:00,579.2,750.9,750.8,586.7,776.9,749.2,13.9,34.0
2016-10-10 01:10:00,583.1,706.4,701.6,580.1,750.2,730.3,13.8,32.0
2016-10-10 02:10:00,586.2,690.0,624.4,559.8,757.9,701.5,14.1,31.3
2016-10-10 03:10:00,592.1,656.0,561.6,561.6,759.6,679.4,13.9,30.2
2016-10-10 04:10:00,601.0,650.4,530.9,568.3,776.4,673.6,13.9,29.8
2016-10-10 05:10:00,596.4,654.8,539.8,551.8,765.1,678.5,13.8,29.9
2016-10-10 06:10:00,606.4,676.5,528.1,547.7,788.4,681.4,14.1,31.4
2016-10-10 07:10:00,600.8,688.1,533.7,550.8,805.9,683.9,13.8,31.3
2016-10-10 08:10:00,602.4,727.4,649.9,591.4,827.9,741.9,13.8,33.3
2016-10-10 09:10:00,645.0,787.6,739.4,622.8,815.4,767.9,13.8,35.3
2016-10-10 10:10:00,678.3,824.1,776.6,646.7,837.2,798.3,13.9,36.9
2016-10-10 11:10:00,717.5,860.9,781.8,667.2,866.8,815.0,13.7,36.8
2016-10-10 12:10:00,726.9,869.8,775.5,647.0,865.7,827.6,13.8,37.5
2016-10-10 13:10:00,690.2,864.0,805.9,646.4,848.5,810.5,13.7,37.4
2016-10-10 14:10:00,777.8,871.3,796.6,675.6,831.8,835.0,13.8,38.1
2016-10-10 15:10:00,770.0,874.2,780.5,661.0,828.8,819.6,13.7,38.4
2016-10-10 16:10:00,760.1,878.7,783.8,661.0,852.1,832.0,13.7,38.2
2016-10-10 17:10:00,781.7,910.5,799.3,672.7,876.7,848.6,13.9,39.9
2016-10-10 18:10:00,837.1,939.2,801.1,711.8,927.6,884.0,13.7,44.6
2016-10-10 19:10:00,778.2,935.1,863.3,700.7,917.0,892.9,13.8,43.6
2016-10-10 20:10:00,773.1,929.5,879.5,706.5,899.7,886.8,13.8,43.3
2016-10-10 21:10:00,753.2,905.2,862.9,691.7,870.8,861.6,13.7,42.1
2016-10-10 22:10:00,738.3,868.7,854.7,674.9,841.3,865.0,13.8,39.5
2016-10-10 23:10:00,704.1,816.1,812.1,638.9,780.4,818.3,13.8,37.0
2016-10-11 00:10:00,703.7,761.1,692.7,615.9,771.7,770.8,13.8,34.1
2016-10-11 01:10:00,662.8,710.7,659.8,608.4,763.2,748.2,13.8,32.4
2016-10-11 02:10:00,651.9,682.0,604.5,590.2,760.6,727.5,13.9,31.1
2016-10-11 03:10:00,667.6,663.2,578.9,588.8,747.2,725.6,13.7,29.7
2016-10-11 04:10:00,655.0,669.7,557.2,578.4,756.2,704.6,13.8,29.5
2016-10-11 05:10:00,690.2,670.2,531.8,581.7,764.3,718.0,13.8,30.2
2016-10-11 06:10:00,705.5,703.2,534.1,576.4,775.7,719.8,13.7,29.7
2016-10-11 07:10:00,727.0,758.9,571.8,596.9,810.3,735.0,13.6,31.8
2016-10-11 08:10:00,756.5,900.4,782.7,686.9,869.8,801.5,13.3,33.5
2016-10-11 09:10:00,897.3,1058.0,897.9,761.2,945.9,898.3,13.7,37.3
2016-10-11 10:10:00,955.3,1101.3,906.0,798.4,989.0,924.7,13.7,39.7
2016-10-11 11:10:00,1012.7,1153.0,935.6,827.2,1020.5,961.8,13.8,40.6
2016-10-11 12:10:00,980.8,1135.7,881.1,775.5,1031.7,956.1,14.1,40.5
2016-10-11 13:10:00,935.2,1088.0,896.0,770.6,987.9,935.1,13.5,38.8
2016-10-11 14:10:00,995.7,1141.8,936.5,816.5,1047.2,995.3,13.8,39.5
2016-10-11 15:10:00,982.9,1135.4,949.1,798.5,1025.6,997.6,13.7,39.8
2016-10-11 16:10:00,987.0,1141.1,953.9,791.8,1044.8,1026.0,13.7,40.7
2016-10-11 17:10:00,979.2,1136.2,913.8,762.8,1059.9,1026.0,13.9,41.9
2016-10-11 18:10:00,957.4,1126.2,966.8,764.5,1051.4,1052.8,13.8,45.9
2016-10-11 19:10:00,947.5,1096.6,965.2,778.8,1020.7,1026.6,13.8,45.2
2016-10-11 20:10:00,896.8,1045.3,920.0,741.9,986.4,986.7,13.7,43.1
2016-10-11 21:10:00,844.7,1002.4,915.8,705.2,942.2,966.2,13.8,42.7
2016-10-11 22:10:00,726.6,930.8,910.9,669.8,936.0,946.6,13.8,40.0
2016-10-11 23:10:00,726.6,888.5,867.5,674.8,912.0,919.0,13.7,37.6
2016-10-12 00:10:00,664.1,823.3,832.7,633.3,861.2,880.4,13.8,34.9
2016-10-12 01:10:00,639.5,769.9,767.5,601.2,826.4,843.4,13.7,32.7
2016-10-12 02:10:00,698.9,742.2,698.0,598.2,787.3,826.4,13.7,31.1
2016-10-12 03:10:00,710.8,718.5,635.4,590.9,794.1,813.9,13.8,30.8
2016-10-12 04:10:00,685.5,719.4,630.2,593.0,800.6,787.2,13.8,30.5
2016-10-12 05:10:00,696.7,719.3,626.5,574.5,790.2,802.6,13.7,30.7
2016-10-12 06:10:00,699.5,748.8,624.4,578.9,816.4,795.6,13.7,30.7
2016-10-12 07:10:00,754.4,811.8,655.6,608.8,846.9,817.9,13.8,32.3
2016-10-12 08:10:00,832.7,960.4,862.1,704.8,916.7,923.3,13.6,36.5
2016-10-12 09:10:00,948.2,1059.6,882.9,754.1,987.2,978.3,13.8,40.0
2016-10-12 10:10:00,989.7,1101.1,871.4,759.3,1041.7,1014.6,13.7,41.5
2016-10-12 11:10:00,1011.5,1127.9,885.8,778.5,1086.7,1048.7,13.7,42.5
2016-10-12 12:10:00,972.7,1104.8,863.8,733.3,1048.3,1018.7,14.2,42.2
2016-10-12 13:10:00,911.7,1059.8,874.1,727.5,1037.2,1010.4,13.4,38.7
2016-10-12 14:10:00,1004.8,1108.7,895.2,783.9,1061.4,1042.3,13.8,40.3
2016-10-12 15:10:00,969.3,1108.4,932.0,779.8,1050.8,1036.2,13.8,41.5
2016-10-12 16:10:00,960.6,1098.9,925.4,797.1,1062.7,1024.8,13.7,41.6
2016-10-12 17:10:00,956.2,1095.7,905.5,760.5,1043.3,1020.2,13.9,42.5
2016-10-12 18:10:00,960.0,1097.2,938.1,787.9,1046.1,1026.4,13.7,46.4
2016-10-12 19:10:00,945.7,1080.9,929.4,766.0,1029.8,1025.6,13.9,46.2
2016-10-12 20:10:00,882.4,1041.4,917.5,745.7,1024.2,1005.5,13.8,45.2
2016-10-12 21:10:00,813.7,1005.4,917.7,708.4,990.8,978.8,13.9,43.4
2016-10-12 22:10:00,791.2,938.5,918.6,680.0,895.4,959.6,13.8,40.9
2016-10-12 23:10:00,735.7,884.5,895.4,671.0,877.7,928.8,13.6,38.1
2016-10-13 00:10:00,706.2,823.7,828.3,636.3,839.4,890.8,13.9,36.9
2016-10-13 01:10:00,670.7,772.6,752.5,612.8,824.6,842.2,13.6,33.8
2016-10-13 02:10:00,668.3,738.9,694.5,591.1,805.7,819.6,13.7,32.6
2016-10-13 03:10:00,689.0,735.4,634.0,577.5,810.6,802.5,13.8,32.0
2016-10-13 04:10:00,687.7,717.3,619.4,578.9,800.9,794.0,13.7,31.6
2016-10-13 05:10:00,685.0,722.1,617.6,578.6,806.9,790.3,13.8,32.3
2016-10-13 06:10:00,695.6,743.2,612.1,584.2,833.9,795.0,13.8,33.0
2016-10-13 07:10:00,737.4,786.4,618.5,605.0,867.8,813.7,12.9,31.4
2016-10-13 08:10:00,787.1,899.8,758.1,665.4,924.4,882.7,12.6,34.3
2016-10-13 09:10:00,888.6,1039.8,899.4,727.6,987.2,982.3,12.9,38.4
2016-10-13 10:10:00,923.2,1082.6,872.1,737.7,1069.8,1019.1,13.0,38.5
2016-10-13 11:10:00,986.2,1114.8,895.4,769.2,1083.1,1054.2,13.6,40.1
2016-10-13 12:10:00,957.2,1093.5,883.6,732.6,1052.4,1040.6,14.1,40.6
2016-10-13 13:10:00,954.8,1057.3,873.9,732.7,1000.7,1012.8,13.3,40.0
2016-10-13 14:10:00,1044.8,1109.0,884.1,795.6,1055.8,1052.0,13.9,42.1
2016-10-13 15:10:00,1041.3,1103.9,880.9,785.0,1038.9,1043.6,13.9,42.6
2016-10-13 16:10:00,1036.1,1096.5,876.4,785.3,1031.4,1033.3,13.8,42.5
2016-10-13 17:10:00,991.8,1098.9,906.1,767.2,1008.8,1012.7,13.9,41.8
2016-10-13 18:10:00,1022.6,1094.1,907.0,785.8,1021.4,1039.3,13.8,45.7
2016-10-13 19:10:00,943.3,1075.1,931.1,773.3,1022.6,1017.7,13.9,44.7
2016-10-13 20:10:00,927.3,1038.4,893.1,742.2,1007.1,1016.5,13.9,44.3
2016-10-13 21:10:00,869.2,998.8,888.0,718.5,982.1,992.1,13.9,43.7
2016-10-13 22:10:00,866.8,946.2,887.3,676.3,863.9,968.0,13.9,41.3
2016-10-13 23:10:00,803.9,892.3,875.2,673.2,854.1,942.2,13.9,39.4
2016-10-14 00:10:00,722.7,828.5,798.5,635.9,866.6,901.3,14.0,36.2
2016-10-14 01:10:00,737.4,780.1,732.1,615.3,807.9,862.3,13.8,33.6
2016-10-14 02:10:00,764.3,747.2,673.5,596.1,766.4,841.9,13.9,33.0
2016-10-14 03:10:00,775.4,724.2,620.8,598.4,764.4,820.1,13.9,31.8
2016-10-14 04:10:00,728.1,705.5,607.5,590.3,776.9,799.6,13.7,30.9
2016-10-14 05:10:00,728.0,715.9,600.5,595.0,788.7,788.5,13.7,31.6
2016-10-14 06:10:00,749.7,732.4,601.9,582.0,787.9,806.2,13.8,32.7
2016-10-14 07:10:00,807.8,793.2,632.3,589.0,778.9,817.2,12.2,31.7
2016-10-14 08:10:00,843.8,903.7,747.8,667.4,877.0,875.2,11.5,33.7
2016-10-14 09:10:00,967.3,1046.1,871.9,733.6,948.8,982.0,11.8,38.3
2016-10-14 10:10:00,991.1,1089.7,873.3,743.9,1017.8,1021.4,11.9,39.1
2016-10-14 11:10:00,1049.5,1118.2,895.9,768.4,1023.2,1053.1,12.0,40.9
2016-10-14 12:10:00,970.2,1107.9,905.5,729.8,1022.9,1032.4,12.4,40.9
2016-10-14 13:10:00,977.8,1073.8,887.6,731.3,980.0,1011.8,11.8,40.3
2016-10-14 14:10:00,1036.0,1117.3,898.4,776.6,1040.2,1049.9,12.1,43.0
2016-10-14 15:10:00,1030.8,1111.4,903.3,774.4,1043.8,1061.8,12.1,42.3
2016-10-14 16:10:00,1039.3,1115.7,918.8,783.2,1031.5,1060.7,12.1,42.1
2016-10-14 17:10:00,994.9,1109.8,906.5,760.7,1023.1,1022.9,12.2,43.3
2016-10-14 18:10:00,980.3,1103.3,947.2,758.8,1022.5,1054.3,12.1,45.8
2016-10-14 19:10:00,970.9,1073.5,914.8,760.0,1019.2,1038.4,12.2,45.0
2016-10-14 20:10:00,932.4,1034.4,902.8,741.9,980.9,1006.7,12.1,45.3
2016-10-14 21:10:00,901.5,996.1,896.4,713.1,933.7,992.1,12.1,42.4
2016-10-14 22:10:00,844.0,949.3,882.8,676.2,888.2,960.3,12.1,41.4
2016-10-14 23:10:00,806.6,897.2,871.9,681.6,861.3,934.9,12.1,38.2
2016-10-15 00:10:00,803.6,842.7,766.0,647.3,840.4,895.2,12.2,37.0
2016-10-15 01:10:00,739.3,788.0,709.2,624.6,844.6,857.9,12.0,34.6
2016-10-15 02:10:00,740.1,757.7,657.0,608.3,831.2,841.9,12.1,32.6
2016-10-15 03:10:00,747.4,745.5,635.3,603.7,802.0,815.0,12.1,32.6
2016-10-15 04:10:00,749.3,726.2,603.8,610.7,793.0,789.1,12.2,32.3
2016-10-15 05:10:00,733.5,711.3,602.0,603.5,775.4,776.1,11.9,32.0
2016-10-15 06:10:00,724.4,713.9,609.7,595.2,779.9,785.1,11.9,31.6
2016-10-15 07:10:00,747.5,743.5,609.8,599.4,807.6,801.5,11.9,32.5
2016-10-15 08:10:00,770.9,796.4,681.6,627.5,851.9,856.4,10.9,35.0
2016-10-15 09:10:00,727.1,884.8,802.4,669.5,965.5,914.9,11.0,36.8
2016-10-15 10:10:00,786.6,914.1,828.6,693.4,959.1,939.7,10.9,38.1
2016-10-15 11:10:00,815.0,968.4,872.4,716.0,1011.0,984.3,10.9,40.5
2016-10-15 12:10:00,798.7,969.2,857.4,706.6,1035.2,986.4,11.0,40.1
2016-10-15 13:10:00,810.7,985.3,892.5,725.0,1005.0,970.0,10.9,38.9
2016-10-15 14:10:00,858.7,995.3,877.5,725.6,1004.8,993.7,13.9,40.4
2016-10-15 15:10:00,870.3,980.7,868.0,731.6,973.8,972.2,14.0,41.5
2016-10-15 16:10:00,931.0,993.2,810.4,734.3,970.6,953.6,11.1,41.9
2016-10-15 17:10:00,941.5,974.9,796.4,721.2,952.3,959.4,8.0,42.7
2016-10-15 18:10:00,957.5,1018.1,847.0,730.4,953.7,976.4,14.1,47.5
2016-10-15 19:10:00,949.0,989.3,815.6,724.9,947.7,967.4,14.0,44.6
2016-10-15 20:10:00,937.2,980.8,815.6,727.1,936.5,950.7,13.9,44.6
2016-10-15 21:10:00,939.7,962.7,773.7,711.0,942.8,952.9,14.0,43.8
2016-10-15 22:10:00,871.7,916.7,781.6,686.9,894.4,917.2,13.9,40.8
2016-10-15 23:10:00,860.9,871.8,789.1,685.5,844.2,906.0,7.9,38.9
2016-10-16 00:10:00,810.5,843.7,750.2,652.1,858.0,893.9,8.1,37.1
2016-10-16 01:10:00,773.9,781.8,665.0,626.5,844.1,848.6,7.9,34.0
2016-10-16 02:10:00,790.0,747.4,641.9,625.6,788.2,822.7,8.0,32.5
2016-10-16 03:10:00,752.8,715.5,618.6,609.0,782.3,805.6,8.0,31.6
2016-10-16 04:10:00,745.7,703.8,585.5,587.5,774.8,791.5,9.0,32.2
2016-10-16 05:10:00,736.5,689.4,562.6,575.8,768.8,779.6,8.9,32.0
2016-10-16 06:10:00,736.8,707.9,538.7,562.3,779.4,760.3,9.0,33.3
2016-10-16 07:10:00,739.0,720.9,554.5,571.7,792.9,770.2,10.6,34.1
2016-10-16 08:10:00,763.3,756.5,590.9,574.7,789.3,788.9,10.5,33.8
2016-10-16 09:10:00,768.6,826.6,717.6,593.5,789.4,830.0,10.6,36.2
2016-10-16 10:10:00,745.4,863.3,814.3,618.4,812.5,861.1,10.6,39.9
2016-10-16 11:10:00,763.2,916.5,878.8,636.3,831.4,892.6,10.8,38.8
2016-10-16 12:10:00,761.2,928.7,903.9,636.5,838.0,910.2,10.7,38.5
2016-10-16 13:10:00,767.2,936.3,891.2,654.6,878.5,917.5,10.8,39.3
2016-10-16 14:10:00,762.2,930.6,915.3,657.9,866.8,927.8,10.7,38.7
2016-10-16 15:10:00,779.7,925.0,864.6,653.3,853.6,889.9,10.7,40.5
2016-10-16 16:10:00,791.5,922.1,860.8,654.5,844.8,891.4,10.4,39.6
2016-10-16 17:10:00,830.7,928.8,841.2,677.5,852.0,885.9,10.5,42.2
2016-10-16 18:10:00,864.7,974.3,931.7,701.3,856.7,945.6,14.3,46.2
2016-10-16 19:10:00,874.2,962.3,915.1,714.1,847.4,930.6,14.2,43.8
2016-10-16 20:10:00,877.4,958.2,909.0,714.4,848.9,932.7,14.2,44.4
2016-10-16 21:10:00,889.0,975.3,910.6,705.6,862.4,951.6,14.4,43.9
2016-10-16 22:10:00,877.2,936.4,856.5,698.9,853.0,918.9,9.3,41.8
2016-10-16 23:10:00,834.5,864.0,767.0,666.5,854.8,895.3,9.3,39.8
2016-10-17 00:10:00,833.9,815.7,663.3,629.7,830.7,854.7,9.3,37.1
2016-10-17 00:10:00,833.9,815.7,663.3,629.7,830.7,854.7,9.3,37.1
2016-10-17 01:10:00,820.0,761.9,636.5,639.6,789.9,819.0,9.3,35.1
2016-10-17 02:10:00,816.9,732.5,553.7,602.7,787.1,798.4,9.2,33.3
2016-10-17 03:10:00,828.9,709.4,507.5,601.1,789.6,791.9,9.3,33.0
2016-10-17 04:10:00,789.1,703.5,508.4,578.2,782.9,775.5,9.3,32.5
2016-10-17 05:10:00,755.4,709.0,523.5,582.8,801.1,765.2,9.2,32.3
2016-10-17 06:10:00,770.3,714.8,514.8,579.5,811.2,778.9,9.2,32.4
2016-10-17 07:10:00,806.4,783.1,540.5,600.3,851.8,786.8,9.1,37.6
2016-10-17 08:10:00,879.8,938.3,736.0,680.4,895.5,864.9,8.9,36.6
2016-10-17 09:10:00,1000.6,1103.7,877.9,778.7,1029.4,994.2,9.2,40.5
2016-10-17 10:10:00,1047.8,1162.7,905.1,796.1,1068.0,1029.5,9.3,41.8
2016-10-17 11:10:00,1069.4,1211.3,982.5,823.5,1092.4,1081.3,14.3,42.4
2016-10-17 12:10:00,1057.5,1166.0,843.3,767.6,1085.4,1020.2,8.3,40.7
2016-10-17 13:10:00,1039.4,1170.8,936.1,790.5,1063.7,1045.7,13.9,46.1
2016-10-17 14:10:00,1067.1,1225.7,1033.3,848.3,1088.9,1086.8,14.3,42.8
2016-10-17 15:10:00,1066.0,1216.6,1005.9,837.5,1075.5,1064.7,14.2,42.8
2016-10-17 16:10:00,1072.3,1216.5,1003.8,834.9,1074.2,1062.9,8.3,44.3
2016-10-17 17:10:00,1075.3,1182.2,922.6,810.6,1073.5,1043.5,8.3,43.4
2016-10-17 18:10:00,1048.0,1196.6,1002.2,819.7,1055.5,1050.7,8.3,47.0
2016-10-17 19:10:00,1026.8,1158.0,963.3,803.1,1052.0,1043.2,8.2,46.0
2016-10-17 20:10:00,1008.4,1127.7,929.9,800.0,1057.4,1029.8,8.3,46.6
2016-10-17 21:10:00,998.4,1081.2,853.6,773.9,1053.6,1014.2,10.3,46.7
2016-10-17 22:10:00,972.4,1025.7,837.7,745.6,986.0,992.9,10.3,42.3
2016-10-17 23:10:00,917.0,975.0,853.1,762.1,969.3,973.3,10.3,39.3
2016-10-18 00:10:00,894.7,905.0,725.7,714.8,956.7,931.1,10.3,36.5
2016-10-18 01:10:00,889.9,849.0,624.0,702.1,949.4,888.3,10.3,34.2
2016-10-18 02:10:00,867.7,815.9,567.2,657.3,924.6,861.2,10.3,35.5
2016-10-18 03:10:00,862.5,791.3,528.9,648.8,919.9,845.8,8.3,33.7
2016-10-18 04:10:00,824.2,774.6,530.1,634.1,906.1,827.4,8.2,32.7
2016-10-18 05:10:00,820.5,776.2,534.2,642.5,908.1,818.6,8.3,33.7
2016-10-18 06:10:00,813.9,786.8,523.0,622.8,901.5,803.4,8.2,33.7
2016-10-18 07:10:00,826.9,833.2,541.4,638.3,934.9,806.1,8.1,33.6
2016-10-18 08:10:00,871.3,969.7,729.2,704.7,1003.4,901.2,8.0,36.2
2016-10-18 09:10:00,1015.9,1150.4,882.7,795.2,1085.2,1007.7,9.6,40.1
2016-10-18 10:10:00,1062.5,1193.8,910.6,805.5,1112.1,1053.7,9.7,41.7
2016-10-18 11:10:00,1065.8,1251.4,1014.6,842.1,1117.0,1074.8,14.2,43.5
2016-10-18 12:10:00,1086.3,1241.3,882.7,794.8,1140.2,1044.4,8.4,37.2
2016-10-18 13:10:00,1058.3,1236.6,962.6,817.8,1105.7,1044.3,14.2,42.0
2016-10-18 14:10:00,1060.9,1243.7,981.9,828.6,1107.7,1051.9,14.2,40.5
2016-10-18 15:10:00,1065.4,1230.6,955.8,824.9,1106.6,1045.5,14.2,41.0
2016-10-18 16:10:00,1063.7,1217.4,942.5,823.6,1097.2,1033.4,9.7,38.6
2016-10-18 17:10:00,1052.3,1197.4,901.3,800.4,1101.5,1024.3,8.3,41.4
2016-10-18 18:10:00,1023.4,1205.5,1003.6,819.8,1088.3,1051.9,9.3,47.3
2016-10-18 19:10:00,1005.5,1168.4,960.3,815.7,1094.8,1039.8,9.3,45.9
2016-10-18 20:10:00,1003.0,1145.5,911.0,790.5,1091.6,1033.6,9.3,45.3
2016-10-18 21:10:00,993.8,1092.5,865.2,769.9,1056.3,1011.3,6.8,48.4
2016-10-18 22:10:00,959.9,1033.2,842.3,740.1,1001.2,993.6,6.8,43.3
2016-10-18 23:10:00,914.5,988.0,839.8,751.8,981.2,963.3,6.8,39.1
2016-10-19 00:10:00,872.6,924.3,733.9,716.4,985.6,919.1,6.8,39.0
2016-10-19 01:10:00,882.1,859.8,661.0,690.5,930.5,893.8,6.8,36.3
2016-10-19 02:10:00,807.6,823.8,651.3,661.4,925.3,871.1,6.8,34.6
2016-10-19 03:10:00,789.4,802.8,602.3,647.9,929.8,843.5,6.8,34.2
2016-10-19 04:10:00,784.8,793.4,578.0,632.1,915.6,826.2,6.8,33.5
2016-10-19 05:10:00,776.2,787.0,569.5,630.7,911.4,812.8,6.7,33.3
2016-10-19 06:10:00,774.7,790.4,573.2,627.6,914.1,819.5,6.7,31.2
2016-10-19 07:10:00,803.1,846.3,577.4,642.1,962.8,830.1,6.7,31.4
2016-10-19 08:10:00,900.3,983.5,755.6,722.9,965.4,886.9,6.5,34.4
2016-10-19 09:10:00,1050.8,1147.0,863.5,800.1,1054.5,990.0,9.2,40.9
2016-10-19 10:10:00,1068.0,1196.7,919.9,804.2,1093.5,1047.1,9.2,42.5
2016-10-19 11:10:00,1069.4,1260.7,1033.2,838.3,1096.7,1067.5,10.4,43.2
2016-10-19 12:10:00,1089.1,1237.8,912.6,799.7,1125.9,1055.2,7.5,42.5
2016-10-19 13:10:00,1047.9,1199.7,924.6,798.6,1100.5,1042.4,7.2,39.5
2016-10-19 14:10:00,1062.4,1252.2,1016.0,843.4,1124.3,1077.8,10.3,39.7
2016-10-19 15:10:00,1071.6,1246.8,976.9,835.4,1130.6,1067.1,10.4,40.2
2016-10-19 16:10:00,1068.6,1236.1,972.6,837.9,1117.0,1054.1,10.4,40.5
2016-10-19 17:10:00,1069.3,1206.4,882.0,807.0,1117.4,1025.6,10.5,40.0
2016-10-19 18:10:00,1074.6,1212.9,951.7,832.6,1102.4,1048.6,11.4,46.1
2016-10-19 19:10:00,1072.8,1187.4,900.5,816.2,1101.0,1033.2,7.4,44.8
2016-10-19 20:10:00,1063.8,1148.5,861.8,798.8,1099.9,1040.4,7.4,45.1
2016-10-19 22:10:00,967.7,1056.1,856.2,749.4,1013.6,996.8,7.4,42.6
2016-10-19 23:10:00,964.9,1015.4,826.5,756.4,992.4,980.5,7.4,38.8
2016-10-20 00:10:00,918.3,949.5,747.4,724.8,967.8,927.9,5.4,36.8
2016-10-20 01:10:00,899.5,881.5,694.6,705.9,927.1,904.2,5.4,35.0
2016-10-20 02:10:00,883.3,854.7,650.1,672.9,898.4,875.5,5.4,34.1
2016-10-20 03:10:00,875.9,823.8,577.6,655.7,899.8,846.1,5.4,33.2
2016-10-20 04:10:00,840.3,812.2,565.1,625.0,896.6,837.4,5.4,32.8
2016-10-20 05:10:00,822.1,811.5,568.6,621.2,896.5,829.1,7.8,33.3
2016-10-20 06:10:00,813.5,808.6,564.5,633.4,906.2,817.6,7.7,32.2
2016-10-20 07:10:00,850.4,863.7,581.5,641.3,923.3,824.5,7.7,33.3
2016-10-20 08:10:00,876.8,976.8,755.6,722.2,986.4,894.6,9.0,34.2
2016-10-20 09:10:00,1006.9,1140.4,856.9,801.4,1105.5,997.2,9.3,39.6
2016-10-20 10:10:00,1048.3,1198.2,885.3,814.4,1138.5,1028.7,9.4,40.2
2016-10-20 11:10:00,1054.8,1272.3,999.2,831.8,1136.4,1055.9,10.1,40.5
2016-10-20 12:10:00,1041.9,1216.8,871.9,783.5,1118.5,996.5,7.2,42.7
2016-10-20 13:10:00,1030.5,1215.0,914.8,796.2,1106.2,1009.4,7.0,37.8
2016-10-20 14:10:00,1059.9,1282.7,1027.1,851.7,1131.8,1055.0,9.2,38.7
2016-10-20 15:10:00,1061.4,1269.5,1010.1,855.3,1126.2,1045.3,11.2,38.6
2016-10-20 16:10:00,1058.2,1252.1,1001.6,855.9,1105.5,1029.0,9.1,37.5
2016-10-20 17:10:00,1063.4,1230.3,954.4,831.8,1100.9,1024.8,9.2,41.0
2016-10-20 18:10:00,1053.1,1223.7,1030.2,852.6,1076.9,1053.2,9.1,39.8
2016-10-20 19:10:00,1060.0,1203.8,979.2,846.5,1087.7,1046.3,13.1,43.4
2016-10-20 20:10:00,1065.0,1182.8,923.0,830.9,1092.3,1036.9,13.2,42.9
2016-10-20 21:10:00,1061.9,1157.6,892.6,797.8,1058.8,1028.5,13.3,42.6
2016-10-20 22:10:00,992.4,1091.5,869.2,771.9,1023.9,996.1,13.3,39.3
2016-10-20 23:10:00,957.4,1033.7,837.6,760.7,993.6,971.6,13.0,35.7
2016-10-21 00:10:00,931.6,981.9,732.2,734.2,996.7,923.4,13.2,34.0
2016-10-21 01:10:00,917.0,919.1,659.8,712.9,972.4,898.6,13.2,31.9
2016-10-21 02:10:00,870.7,873.5,679.9,667.7,874.3,866.2,13.2,30.6
2016-10-21 03:10:00,877.2,840.1,607.1,651.1,883.4,859.6,13.2,30.1
2016-10-21 04:10:00,827.1,827.5,591.8,649.8,910.4,834.5,13.2,30.8
2016-10-21 05:10:00,811.8,809.2,587.7,644.8,900.0,827.7,13.0,30.8
2016-10-21 06:10:00,828.0,818.5,590.8,647.7,885.3,819.9,13.0,31.0
2016-10-21 07:10:00,859.2,865.8,602.9,657.4,915.3,835.1,13.0,32.1
2016-10-21 08:10:00,931.9,1008.8,765.8,721.0,950.9,896.2,12.7,35.2
2016-10-21 09:10:00,1049.4,1188.3,913.9,808.1,1056.6,997.8,13.1,38.8
2016-10-21 10:10:00,1054.1,1229.4,943.8,806.3,1082.4,1018.5,13.0,39.1
2016-10-21 11:10:00,1059.0,1280.1,1029.9,833.6,1116.6,1065.3,14.0,40.5
2016-10-21 12:10:00,1084.9,1266.5,896.4,792.0,1171.6,1068.2,14.4,40.5
2016-10-21 13:10:00,1047.2,1254.3,976.1,806.6,1111.1,1049.9,13.8,37.6
2016-10-21 14:10:00,1059.9,1296.7,1079.6,854.4,1121.5,1085.0,14.0,38.9
2016-10-21 15:10:00,1061.0,1301.1,1062.2,850.8,1114.2,1060.2,14.0,39.3
2016-10-21 16:10:00,1066.6,1287.3,1023.4,837.2,1114.0,1053.9,14.1,39.6
2016-10-21 17:10:00,1070.8,1251.4,943.0,815.7,1116.7,1037.2,14.1,40.3
2016-10-21 18:10:00,1060.1,1250.2,1004.9,832.5,1091.3,1043.1,14.0,44.5
2016-10-21 19:10:00,1069.0,1223.2,940.0,822.7,1102.0,1034.4,14.1,44.8
2016-10-21 20:10:00,1063.4,1185.9,914.6,804.9,1053.5,1011.1,14.1,43.7
2016-10-21 21:10:00,1034.9,1138.2,857.9,767.8,1032.1,990.4,14.0,42.4
2016-10-21 22:10:00,1038.0,1085.0,816.1,750.8,987.1,979.1,14.1,40.4
2016-10-21 23:10:00,982.9,1062.2,873.5,753.8,949.4,965.0,14.1,38.8
2016-10-22 00:10:00,977.9,997.8,743.6,729.4,955.9,928.9,14.1,35.5
2016-10-22 01:10:00,984.5,927.2,636.0,704.2,927.3,897.7,14.1,32.9
2016-10-22 02:10:00,982.3,893.2,548.1,666.0,926.2,878.9,14.1,32.5
2016-10-22 03:10:00,927.0,848.6,530.8,659.6,910.0,841.9,14.0,31.7
2016-10-22 04:10:00,926.4,816.8,529.2,657.1,887.2,852.0,14.1,31.0
2016-10-22 05:10:00,919.1,815.3,507.3,649.7,877.1,822.2,14.1,30.3
2016-10-22 06:10:00,886.9,797.6,500.8,630.9,873.7,817.3,13.9,29.5
2016-10-22 07:10:00,877.9,816.8,526.1,605.4,903.4,868.1,13.9,31.1
2016-10-22 08:10:00,878.2,870.0,639.6,646.4,905.2,887.8,13.7,32.6
2016-10-22 09:10:00,881.8,960.8,811.3,689.2,924.4,946.0,13.8,35.3
2016-10-22 10:10:00,960.7,1040.5,817.6,721.9,977.9,970.4,14.1,37.4
2016-10-22 11:10:00,963.0,1083.4,858.7,738.1,1025.8,1000.6,13.9,39.4
2016-10-22 12:10:00,979.2,1099.7,818.8,718.8,1061.6,1014.3,14.2,40.9
2016-10-22 13:10:00,981.3,1088.9,862.4,742.8,1042.4,1027.7,14.0,40.7
2016-10-22 14:10:00,988.2,1103.5,872.8,764.6,1054.3,1019.9,14.2,41.4
2016-10-22 15:10:00,971.4,1075.9,853.6,743.1,1029.5,1008.7,14.0,40.7
2016-10-22 16:10:00,1002.8,1080.4,845.0,742.1,1006.9,1006.1,14.2,40.2
2016-10-22 17:10:00,1005.9,1078.0,817.0,721.7,994.3,990.1,14.2,41.6
2016-10-22 18:10:00,1004.5,1108.0,894.2,763.6,995.0,990.3,14.1,46.0
2016-10-22 19:10:00,1003.5,1093.8,876.1,765.6,993.7,982.6,14.1,45.4
2016-10-22 20:10:00,996.1,1080.9,866.6,763.6,992.4,980.8,14.1,43.9
2016-10-22 21:10:00,999.5,1062.9,860.9,744.8,955.9,978.9,14.2,43.8
2016-10-22 22:10:00,971.7,1015.3,848.4,734.7,908.6,951.0,14.1,41.7
2016-10-22 23:10:00,922.1,984.1,835.2,724.2,921.7,944.8,14.1,40.0
2016-10-23 00:10:00,914.3,923.4,730.9,697.7,907.3,907.9,14.0,37.5
2016-10-23 01:10:00,907.5,890.7,640.6,682.5,906.5,860.2,14.2,35.3
2016-10-23 02:10:00,816.0,829.5,614.4,647.5,900.2,834.0,14.0,33.7
2016-10-23 03:10:00,820.6,796.2,558.0,653.4,907.1,817.4,14.1,32.8
2016-10-23 04:10:00,786.0,776.8,558.5,630.0,885.0,805.0,14.0,31.6
2016-10-23 05:10:00,787.5,769.2,530.4,619.0,889.3,801.1,14.1,32.0
2016-10-23 06:10:00,756.3,749.3,528.3,607.7,867.6,777.9,14.0,31.2
2016-10-23 07:10:00,784.4,768.9,526.1,576.4,863.7,810.4,14.1,32.5
2016-10-23 08:10:00,789.3,802.4,578.0,587.0,864.5,822.4,13.8,33.9
2016-10-23 09:10:00,800.6,866.8,676.3,601.7,879.1,865.0,13.9,36.5
2016-10-23 10:10:00,770.1,922.8,794.1,628.1,900.2,889.3,14.0,38.2
2016-10-23 11:10:00,825.4,967.9,814.9,646.4,914.7,915.5,13.9,39.2
2016-10-23 12:10:00,883.6,995.3,800.8,659.8,903.3,907.3,13.8,39.2
2016-10-23 13:10:00,893.2,1018.8,826.2,666.4,920.5,927.7,14.0,41.1
2016-10-23 14:10:00,889.3,990.6,808.3,666.7,912.1,925.8,14.0,40.8
2016-10-23 15:10:00,881.5,978.7,789.5,652.9,914.3,927.9,14.0,39.7
2016-10-23 16:10:00,858.0,967.3,800.2,644.2,922.1,944.0,14.2,39.1
2016-10-23 17:10:00,854.1,966.5,789.7,665.1,935.7,921.2,14.0,40.7
2016-10-23 18:10:00,910.9,1015.3,869.0,709.6,916.3,940.4,14.1,45.1
2016-10-23 19:10:00,908.2,1003.2,843.2,713.3,928.5,933.6,14.1,44.0
2016-10-23 20:10:00,900.8,997.2,844.2,718.0,920.2,920.4,14.0,43.6
2016-10-23 21:10:00,900.8,978.4,847.8,726.9,915.5,930.1,13.9,42.7
2016-10-23 22:10:00,878.2,954.2,812.3,714.0,926.8,922.7,14.1,40.5
2016-10-23 23:10:00,877.0,899.7,797.8,701.8,848.4,896.8,14.2,38.9
2016-10-24 00:10:00,865.5,846.6,699.4,671.1,844.2,870.1,14.2,35.5
2016-10-24 01:10:00,853.5,789.1,651.2,655.1,796.3,837.4,14.0,33.4
2016-10-24 02:10:00,809.3,754.9,614.6,620.8,786.7,817.0,14.2,32.1
2016-10-24 03:10:00,805.9,732.6,549.6,612.1,791.3,785.2,14.1,31.1
2016-10-24 04:10:00,772.8,725.4,546.6,600.1,800.0,777.1,14.1,30.8
2016-10-24 05:10:00,755.3,716.3,537.6,591.7,802.6,770.6,13.9,30.8
2016-10-24 06:10:00,775.8,739.0,540.0,580.8,801.3,779.5,14.0,31.9
2016-10-24 07:10:00,814.0,785.0,535.2,602.2,829.9,773.9,12.7,30.7
2016-10-24 08:10:00,885.0,911.9,702.2,686.2,884.5,853.0,12.3,32.7
2016-10-24 09:10:00,1052.1,1096.8,858.9,784.8,981.8,986.3,12.8,37.8
2016-10-24 10:10:00,1045.2,1136.7,860.1,789.9,1068.5,1019.8,12.8,40.1
2016-10-24 11:10:00,1075.5,1176.9,924.3,824.3,1081.5,1051.9,13.3,41.5
2016-10-24 12:10:00,1056.3,1181.2,871.9,785.7,1106.4,1040.6,13.7,40.7
2016-10-24 13:10:00,1012.1,1148.9,926.6,786.6,1067.2,1043.7,13.0,39.7
2016-10-24 14:10:00,1057.9,1206.4,999.3,834.8,1101.6,1089.8,13.3,41.2
2016-10-24 15:10:00,1086.5,1197.1,940.1,826.4,1103.5,1079.6,13.4,40.3
2016-10-24 16:10:00,1085.4,1187.6,923.6,816.3,1102.3,1080.5,13.3,40.2
2016-10-24 17:10:00,1086.7,1160.1,868.8,786.2,1078.6,1058.3,13.5,43.1
2016-10-24 18:10:00,1086.9,1157.0,907.5,806.6,1043.5,1042.2,13.4,45.5
2016-10-24 19:10:00,1068.1,1121.9,864.7,800.6,1044.0,1023.1,13.4,44.5
2016-10-24 20:10:00,1049.2,1084.5,845.0,792.4,1038.5,1026.6,14.2,43.3
2016-10-24 21:10:00,1026.7,1052.1,828.9,765.5,995.8,1005.5,14.2,42.6
2016-10-24 22:10:00,989.6,992.1,802.0,746.0,966.1,992.8,12.7,39.4
2016-10-24 23:10:00,938.5,940.1,791.5,744.7,943.9,965.5,14.3,37.9
2016-10-25 00:10:00,905.5,890.5,699.3,711.6,949.3,928.2,11.6,35.3
2016-10-25 01:10:00,919.2,837.1,606.0,686.6,910.7,889.6,11.6,34.3
2016-10-25 02:10:00,887.8,809.5,550.0,662.3,912.2,856.7,11.6,33.1
2016-10-25 03:10:00,837.6,781.6,524.3,647.9,924.2,835.5,11.6,32.7
2016-10-25 04:10:00,824.8,755.8,524.7,642.0,901.8,832.5,11.6,32.5
2016-10-25 05:10:00,806.1,763.9,524.2,624.1,896.0,817.2,11.5,32.7
2016-10-25 06:10:00,806.6,768.4,522.4,619.6,896.4,816.3,11.5,32.7
2016-10-25 07:10:00,824.3,805.2,528.3,631.6,915.5,811.4,12.4,32.3
2016-10-25 08:10:00,925.3,899.5,636.7,692.0,914.9,863.0,12.0,34.4
2016-10-25 09:10:00,1006.7,1033.8,802.3,766.0,955.8,938.0,12.4,39.4
2016-10-25 10:10:00,1046.8,1096.0,803.8,788.7,1061.1,1000.0,12.4,39.4
2016-10-25 11:10:00,1076.6,1151.9,873.0,810.1,1081.9,1041.5,14.2,42.2
2016-10-25 12:10:00,1096.6,1163.4,797.2,780.4,1114.1,1038.3,14.6,40.4
2016-10-25 13:10:00,1067.2,1150.4,859.3,790.4,1071.5,1031.2,14.1,40.2
2016-10-25 14:10:00,1085.2,1182.4,929.6,821.2,1088.2,1072.9,14.3,40.7
2016-10-25 15:10:00,1083.6,1170.9,906.4,811.1,1072.4,1054.3,14.3,40.5
2016-10-25 16:10:00,1069.4,1157.1,910.5,809.1,1068.3,1051.7,6.3,36.7
2016-10-25 17:10:00,1054.8,1142.6,872.9,775.8,1051.9,1027.9,6.3,39.5
2016-10-25 18:10:00,1041.3,1152.0,952.3,799.8,1030.0,1036.9,10.3,45.2
2016-10-25 19:10:00,1034.9,1138.5,927.6,794.1,1026.3,1023.1,10.3,43.4
2016-10-25 20:10:00,1021.9,1108.6,881.8,772.7,1027.1,1018.6,10.2,41.1
2016-10-25 21:10:00,1019.7,1093.8,873.1,763.4,995.1,1000.7,10.3,40.3
2016-10-25 22:10:00,987.9,1034.3,836.1,735.8,969.1,994.4,10.4,39.1
2016-10-25 23:10:00,940.8,982.5,828.6,740.5,950.1,971.0,10.2,35.9
2016-10-26 00:10:00,946.5,919.9,692.3,709.2,943.2,927.5,10.3,35.8
2016-10-26 01:10:00,909.1,863.3,621.0,669.7,925.5,898.7,9.3,33.2
2016-10-26 02:10:00,893.6,823.2,565.6,660.4,914.0,867.4,9.3,31.5
2016-10-26 03:10:00,871.2,788.2,524.2,640.8,898.3,844.0,9.2,30.0
2016-10-26 04:10:00,877.1,774.2,488.7,633.8,899.9,836.4,9.3,30.5
2016-10-26 05:10:00,822.4,771.2,517.4,613.7,899.9,833.5,9.2,30.6
2016-10-26 06:10:00,841.6,793.7,530.5,622.8,882.9,816.8,9.3,30.9
2016-10-26 07:10:00,875.2,835.8,541.4,634.6,905.7,833.2,10.6,29.2
2016-10-26 08:10:00,912.6,983.0,717.3,704.0,980.6,901.2,10.3,32.7
2016-10-26 09:10:00,1063.0,1156.3,857.0,784.3,1055.6,1007.8,10.7,37.8
2016-10-26 10:10:00,1116.3,1223.4,909.1,804.5,1069.6,1035.5,12.3,43.8
2016-10-26 11:10:00,1137.2,1273.8,999.5,834.7,1081.6,1080.8,14.2,43.2
2016-10-26 12:10:00,1164.3,1274.9,891.0,809.8,1124.5,1067.6,11.0,38.5
2016-10-26 13:10:00,1112.5,1244.3,948.8,809.0,1074.1,1056.3,13.9,39.7
2016-10-26 14:10:00,1138.6,1296.6,1031.7,854.7,1096.9,1090.0,14.3,40.2
2016-10-26 15:10:00,1143.4,1280.1,1004.4,848.9,1098.6,1091.5,15.8,41.7
2016-10-26 16:10:00,1111.2,1256.8,1024.2,852.5,1089.7,1090.0,15.7,41.6
2016-10-26 17:10:00,1079.9,1238.9,977.4,802.3,1075.0,1064.9,15.3,41.6
2016-10-26 18:10:00,1043.3,1226.8,1057.6,826.0,1044.6,1062.6,15.8,45.8
2016-10-26 19:10:00,1051.7,1206.6,992.8,800.1,1052.9,1057.3,11.9,45.3
2016-10-26 20:10:00,1025.9,1154.4,934.0,782.2,1042.8,1034.0,11.7,44.0
2016-10-26 21:10:00,1028.2,1127.1,901.1,765.0,1015.4,1020.6,11.8,43.9
2016-10-26 22:10:00,971.9,1067.6,885.2,737.8,970.8,990.8,9.8,41.5
2016-10-26 23:10:00,939.9,1029.1,881.4,745.6,966.2,982.8,9.8,39.8
2016-10-27 00:10:00,903.6,954.6,770.1,707.4,957.6,942.4,9.8,36.8
2016-10-27 01:10:00,899.9,887.6,642.5,671.5,943.8,901.4,9.8,35.4
2016-10-27 02:10:00,890.2,841.8,572.6,664.3,940.8,874.7,9.8,32.5
2016-10-27 03:10:00,860.8,816.8,533.2,639.1,934.5,850.6,9.8,31.7
2016-10-27 04:10:00,876.6,790.5,507.4,626.7,888.8,833.9,9.8,31.4
2016-10-27 05:10:00,862.2,775.8,505.5,621.7,896.9,846.0,9.6,30.8
2016-10-27 06:10:00,859.9,791.8,506.0,614.0,895.6,834.5,9.7,30.9
2016-10-27 07:10:00,904.3,838.8,513.7,638.8,917.9,836.2,9.6,31.7
2016-10-27 08:10:00,923.6,972.6,722.6,711.7,965.4,903.7,9.3,32.9
2016-10-27 09:10:00,1061.5,1149.4,851.9,788.9,1053.8,1002.0,11.7,38.6
2016-10-27 10:10:00,1115.2,1203.1,890.9,802.4,1060.4,1030.4,11.7,42.3
2016-10-27 11:10:00,1132.8,1270.9,1001.9,830.3,1095.0,1098.3,12.7,43.0
2016-10-27 12:10:00,1141.1,1252.2,901.7,801.6,1115.9,1070.5,8.8,43.2
2016-10-27 13:10:00,1097.0,1223.2,940.7,796.8,1071.9,1057.3,8.6,40.9
2016-10-27 14:10:00,1134.0,1271.3,1028.4,850.4,1084.0,1094.9,13.3,43.3
2016-10-27 15:10:00,1126.3,1252.5,999.9,842.2,1071.8,1073.9,13.2,42.6
2016-10-27 16:10:00,1098.2,1241.5,1030.2,848.4,1056.1,1065.9,13.7,42.4
2016-10-27 17:10:00,1064.7,1221.3,996.3,830.2,1060.5,1040.7,13.9,43.1
2016-10-27 18:10:00,1040.6,1223.6,1090.4,854.4,1034.1,1054.4,13.8,46.4
2016-10-27 19:10:00,1047.2,1202.9,1038.2,842.6,1032.2,1039.2,13.8,46.8
2016-10-27 20:10:00,1040.7,1156.9,971.0,820.7,1023.7,1025.9,13.8,45.7
2016-10-27 21:10:00,1037.9,1123.4,924.9,781.8,986.2,1010.6,11.3,44.5
2016-10-27 22:10:00,992.3,1069.7,886.6,746.4,966.4,998.1,11.2,42.3
2016-10-27 23:10:00,951.7,1020.8,878.2,738.6,946.7,987.8,11.2,40.6
2016-10-28 00:10:00,920.2,947.8,759.2,712.9,951.5,944.0,9.3,35.6
2016-10-28 01:10:00,861.3,886.6,691.8,687.1,944.7,899.2,9.3,34.2
2016-10-28 02:10:00,866.2,842.1,649.7,674.7,899.7,876.2,9.3,31.9
2016-10-28 03:10:00,864.8,810.7,563.2,649.2,910.3,856.4,9.3,31.3
2016-10-28 04:10:00,846.8,789.1,534.4,641.4,910.4,840.5,9.2,29.8
2016-10-28 05:10:00,825.9,798.9,554.2,629.6,919.4,850.1,9.4,30.4
2016-10-28 06:10:00,826.5,808.6,544.3,628.2,911.4,824.4,9.3,30.3
2016-10-28 07:10:00,882.0,844.7,547.9,645.1,920.6,838.1,9.1,31.5
2016-10-28 08:10:00,916.8,967.7,707.5,703.2,970.4,900.6,11.3,34.6
2016-10-28 09:10:00,1056.7,1135.6,859.9,794.8,1049.0,1007.9,11.6,38.9
2016-10-28 10:10:00,1109.5,1196.1,877.3,803.9,1087.6,1045.1,11.7,41.0
2016-10-28 11:10:00,1127.6,1251.6,969.2,823.0,1087.3,1080.7,13.1,42.0
2016-10-28 12:10:00,1123.4,1239.8,901.7,794.3,1094.9,1057.6,13.2,41.6
2016-10-28 13:10:00,1103.8,1217.3,914.4,794.9,1066.7,1044.5,13.0,41.3
2016-10-28 14:10:00,1130.3,1266.1,1004.5,837.4,1083.2,1085.5,13.3,42.4
2016-10-28 15:10:00,1129.4,1250.2,980.7,832.5,1071.6,1070.0,13.4,42.4
2016-10-28 16:10:00,1097.8,1230.8,992.9,836.4,1053.6,1049.7,13.3,40.7
2016-10-28 17:10:00,1090.6,1208.7,930.2,800.7,1042.6,1026.0,13.5,41.5
2016-10-28 18:10:00,1062.5,1196.5,996.0,818.3,1025.9,1037.4,13.3,45.6
2016-10-28 19:10:00,1066.8,1163.0,944.2,814.9,1022.6,1022.0,11.4,45.0
2016-10-28 20:10:00,1050.4,1136.7,885.5,791.0,1034.8,1009.1,11.5,45.5
2016-10-28 21:10:00,1029.0,1087.4,872.2,768.6,982.9,995.1,11.4,44.5
2016-10-28 22:10:00,945.7,1030.9,869.8,729.1,953.8,978.0,9.3,40.7
2016-10-28 23:10:00,919.8,998.5,865.8,745.7,944.7,954.4,9.3,41.1
2016-10-29 00:10:00,869.2,937.6,779.3,710.7,954.6,927.6,11.2,38.3
2016-10-29 01:10:00,864.7,870.7,717.4,688.0,886.5,884.9,11.2,36.2
2016-10-29 02:10:00,848.4,814.4,662.7,667.2,860.0,864.0,9.2,34.7
2016-10-29 03:10:00,858.8,775.9,581.5,637.6,836.0,838.8,9.2,33.1
2016-10-29 04:10:00,832.9,770.5,564.3,614.3,838.6,826.9,9.3,33.5
2016-10-29 05:10:00,844.1,761.0,568.1,634.7,829.1,822.3,9.3,32.6
2016-10-29 06:10:00,845.4,767.3,558.3,611.5,808.9,810.6,9.3,32.5
2016-10-29 07:10:00,853.6,772.5,566.5,621.5,801.4,803.4,9.1,33.2
2016-10-29 08:10:00,876.4,812.8,668.7,640.2,788.7,854.7,9.0,35.2
2016-10-29 09:10:00,935.6,890.6,755.7,692.9,823.9,904.7,9.2,36.2
2016-10-29 10:10:00,900.1,919.8,792.1,692.0,891.2,942.7,9.0,37.9
2016-10-29 11:10:00,953.0,959.9,805.5,721.5,923.8,972.2,11.2,39.9
2016-10-29 12:10:00,890.9,947.1,808.8,681.9,932.4,973.6,11.2,40.6
2016-10-29 13:10:00,885.6,916.9,795.0,703.8,920.8,951.1,10.7,40.2
2016-10-29 14:10:00,932.1,933.9,794.6,721.0,920.4,962.2,10.9,40.8
2016-10-29 15:10:00,896.5,913.3,793.2,721.4,910.1,937.0,11.5,39.6
2016-10-29 16:10:00,868.5,901.4,806.5,704.8,902.0,943.9,12.1,38.9
2016-10-29 17:10:00,866.6,916.2,800.6,692.7,903.6,932.6,11.8,41.1
2016-10-29 18:10:00,918.7,933.9,812.4,714.8,909.8,960.8,11.9,43.3
2016-10-29 19:10:00,888.3,924.1,812.8,683.6,882.7,945.5,11.8,42.4
2016-10-29 20:10:00,854.9,907.5,826.0,687.9,883.9,939.2,12.4,42.4
2016-10-29 21:10:00,826.4,888.5,854.9,676.3,840.9,928.8,12.6,41.3
2016-10-29 22:10:00,819.3,854.8,843.6,650.7,799.3,929.0,11.9,39.7
2016-10-29 23:10:00,822.8,811.9,809.0,646.1,725.4,873.9,11.6,37.0
2016-10-30 00:10:00,809.3,749.8,738.4,622.0,697.4,849.2,9.4,33.4
2016-10-30 01:10:00,755.5,717.8,716.1,611.1,702.8,821.9,9.0,32.5
2016-10-30 02:10:00,702.7,688.5,686.8,591.9,701.6,787.8,8.6,31.5
2016-10-30 03:10:00,680.2,667.4,656.6,568.4,701.7,780.3,8.7,31.0
2016-10-30 04:10:00,659.5,646.1,644.6,564.1,693.4,765.8,8.9,30.4
2016-10-30 05:10:00,647.4,642.3,619.1,546.2,705.5,761.7,8.7,30.5
2016-10-30 06:10:00,692.9,641.2,573.6,553.1,695.0,746.3,10.7,31.6
2016-10-30 07:10:00,719.2,657.7,589.5,558.6,673.3,745.7,10.6,30.6
2016-10-30 08:10:00,707.9,680.7,636.7,555.1,670.2,758.1,10.4,31.3
2016-10-30 09:10:00,732.8,736.3,716.3,586.2,686.6,790.0,10.6,33.9
2016-10-30 10:10:00,712.3,765.3,771.7,590.1,724.3,829.3,10.6,34.2
2016-10-30 11:10:00,749.2,789.2,770.1,611.1,753.7,848.6,10.7,35.0
2016-10-30 12:10:00,729.1,801.1,786.4,606.1,786.1,869.8,10.8,35.3
2016-10-30 13:10:00,736.6,799.0,776.3,609.4,792.4,871.4,10.7,36.2
2016-10-30 14:10:00,738.4,795.0,785.7,616.8,777.3,863.5,10.7,36.8
2016-10-30 15:10:00,740.3,793.4,771.4,610.0,768.4,851.2,10.3,35.8
2016-10-30 16:10:00,762.1,788.0,760.9,612.9,739.3,836.2,10.2,35.5
2016-10-30 17:10:00,837.1,813.8,758.4,626.7,714.3,841.5,9.8,37.7
2016-10-30 18:10:00,842.0,851.3,833.4,667.8,768.3,898.5,15.4,41.6
2016-10-30 19:10:00,805.1,849.7,823.3,648.0,782.1,887.7,15.4,40.5
2016-10-30 20:10:00,835.1,845.8,801.1,660.0,783.3,888.3,15.4,40.8
2016-10-30 21:10:00,844.4,833.6,810.3,668.3,768.7,891.6,10.4,40.3
2016-10-30 22:10:00,803.3,807.5,812.3,660.7,743.3,863.2,10.6,38.1
2016-10-30 23:10:00,761.0,760.2,804.0,618.3,690.5,852.5,10.3,34.9
2016-10-31 00:10:00,688.8,707.8,753.4,592.0,696.4,816.3,10.3,32.7
2016-10-31 01:10:00,691.8,671.2,660.8,570.4,694.0,783.3,9.4,31.2
2016-10-31 02:10:00,700.9,645.7,607.8,563.3,699.7,778.0,9.1,30.7
2016-10-31 03:10:00,682.9,630.2,597.5,553.8,676.1,751.3,8.9,30.1
2016-10-31 04:10:00,652.3,622.8,598.7,542.9,685.4,749.4,8.1,29.4
2016-10-31 05:10:00,640.5,625.8,598.7,545.7,689.1,734.5,8.0,30.4
2016-10-31 06:10:00,700.3,655.7,583.8,553.9,683.1,733.4,7.7,31.9
2016-10-31 07:10:00,754.6,692.8,603.6,565.4,675.2,751.2,7.5,31.7
2016-10-31 08:10:00,758.4,774.6,735.7,624.8,744.3,812.8,7.6,33.8
2016-10-31 09:10:00,837.4,872.4,791.2,691.7,851.5,886.8,7.9,37.2
2016-10-31 10:10:00,832.1,907.5,811.5,700.1,924.3,929.5,7.9,38.6
2016-10-31 11:10:00,848.5,948.9,835.6,707.7,963.5,961.3,9.8,39.5
2016-10-31 12:10:00,832.8,950.9,850.9,673.8,944.5,974.2,9.9,39.0
2016-10-31 13:10:00,836.8,922.7,815.4,681.3,935.3,955.6,9.8,37.8
2016-10-31 14:10:00,884.0,954.0,841.0,711.3,949.5,983.1,13.1,39.2
2016-10-31 15:10:00,893.1,945.9,839.6,722.2,941.7,980.2,12.5,38.8
2016-10-31 16:10:00,879.7,935.7,841.9,726.3,940.7,974.6,12.9,38.6
2016-10-31 17:10:00,886.6,950.0,839.0,700.3,917.9,960.3,7.5,40.3
2016-10-31 18:10:00,957.0,960.9,830.4,726.6,909.6,975.3,10.3,44.5
2016-10-31 19:10:00,864.6,937.8,850.1,716.3,928.8,956.9,10.3,42.7
2016-10-31 20:10:00,840.5,921.3,840.6,700.5,922.8,950.3,10.3,42.0
2016-10-31 21:10:00,848.6,896.2,827.2,675.4,875.9,949.5,10.2,40.8
2016-10-31 22:10:00,804.9,845.7,828.5,655.2,808.7,912.2,9.4,38.5
2016-10-31 23:10:00,770.0,796.7,800.6,640.2,766.2,873.6,9.7,36.1
2016-11-01 00:10:00,701.8,729.2,737.3,606.8,756.0,835.5,9.1,32.7
2016-11-01 01:10:00,740.6,693.8,672.7,592.1,698.3,802.2,8.0,31.6
2016-11-01 02:10:00,751.8,660.7,589.5,579.3,701.4,780.3,7.9,30.3
2016-11-01 03:10:00,705.3,651.6,574.6,572.0,720.1,754.0,7.7,30.2
2016-11-01 04:10:00,701.1,641.3,558.7,570.1,730.0,757.9,8.9,29.5
2016-11-01 05:10:00,710.3,652.2,554.8,562.6,721.0,749.5,8.3,30.2
2016-11-01 06:10:00,747.5,681.2,561.8,567.0,723.6,763.4,9.4,30.8
2016-11-01 07:10:00,794.9,738.2,550.8,592.2,777.3,770.2,9.2,31.6
2016-11-01 08:10:00,818.8,840.9,737.5,652.2,801.7,839.7,9.4,34.6
2016-11-01 09:10:00,965.3,974.1,825.3,715.3,867.5,938.6,9.7,39.8
2016-11-01 10:10:00,982.6,1007.0,805.8,733.5,945.4,961.9,9.3,40.8
2016-11-01 11:10:00,996.9,1030.1,819.8,743.9,1000.7,1013.8,11.1,40.6
2016-11-01 12:10:00,975.7,1013.8,792.6,696.8,993.9,1018.9,7.8,40.6
2016-11-01 13:10:00,933.7,969.8,761.9,692.2,968.9,971.3,7.3,38.5
2016-11-01 14:10:00,993.1,1019.7,798.6,741.4,1022.6,1022.7,9.2,39.7
2016-11-01 15:10:00,1001.6,1029.0,793.3,744.3,1029.9,1021.2,8.9,39.1
2016-11-01 16:10:00,991.5,1032.2,810.4,739.3,1030.8,1029.9,8.8,40.1
2016-11-01 17:10:00,1001.3,1032.1,796.1,724.3,1021.4,1029.0,8.9,42.2
2016-11-01 18:10:00,1006.9,1041.4,824.9,736.6,1010.8,1030.9,10.0,43.8
2016-11-01 19:10:00,1012.0,1008.8,789.0,722.4,967.5,1004.1,10.0,43.3
2016-11-01 20:10:00,946.8,966.7,771.7,700.2,961.2,979.1,10.0,43.6
2016-11-01 21:10:00,902.7,929.9,767.0,684.9,933.6,956.2,10.0,42.4
2016-11-01 22:10:00,865.2,879.0,764.7,656.5,866.3,930.9,10.1,39.8
2016-11-01 23:10:00,863.0,830.6,698.8,647.7,838.5,892.0,7.9,37.8
2016-11-02 00:10:00,804.4,761.6,617.7,616.7,830.0,850.7,11.3,34.4
2016-11-02 01:10:00,818.5,710.0,527.3,585.5,795.8,820.3,6.9,32.7
2016-11-02 02:10:00,800.1,680.3,473.8,556.5,778.5,791.3,7.4,31.7
2016-11-02 03:10:00,792.0,669.3,428.3,565.5,811.4,772.8,7.2,31.3
2016-11-02 04:10:00,826.0,665.6,422.7,560.8,772.1,771.4,7.0,30.1
2016-11-02 05:10:00,817.9,661.2,427.3,564.6,791.6,787.4,7.3,30.8
2016-11-02 06:10:00,832.9,688.1,431.6,565.0,806.8,794.0,7.4,31.7
2016-11-02 07:10:00,850.8,743.8,475.8,569.3,819.6,808.6,8.4,32.9
2016-11-02 08:10:00,834.8,837.6,626.6,627.4,883.3,853.8,8.8,34.7
2016-11-02 09:10:00,919.7,948.6,739.6,684.0,948.6,945.8,8.3,37.8
2016-11-02 10:10:00,952.8,976.4,747.9,702.2,978.5,970.7,8.4,38.3
2016-11-02 11:10:00,982.4,1009.6,750.5,716.4,1020.2,996.3,8.4,39.2
2016-11-02 12:10:00,914.1,985.3,741.0,676.9,1033.9,997.8,9.0,37.9
2016-11-02 13:10:00,897.0,948.3,727.3,667.2,985.8,965.1,8.1,37.6
2016-11-02 14:10:00,1002.9,1002.4,751.1,716.5,1022.1,1026.5,8.6,39.3
2016-11-02 15:10:00,1000.0,994.7,752.6,727.1,1002.9,1003.3,8.5,39.0
2016-11-02 16:10:00,993.1,1003.3,755.6,727.7,1010.6,996.9,8.7,40.0
2016-11-02 17:10:00,950.8,1003.5,765.6,706.8,1003.7,977.8,8.8,40.7
2016-11-02 18:10:00,992.7,1012.9,777.7,721.0,1009.8,1014.1,12.0,44.2
2016-11-02 19:10:00,980.1,975.8,755.7,717.5,964.4,975.7,12.1,43.3
2016-11-02 20:10:00,930.3,947.0,735.5,691.9,965.2,961.9,11.7,42.0
2016-11-02 22:10:00,811.9,859.8,709.8,637.5,906.3,904.1,11.8,38.4
2016-11-03 01:10:00,773.7,709.6,534.9,576.8,801.8,799.0,7.7,32.7
2016-11-03 02:10:00,758.0,676.3,456.6,547.6,807.5,775.4,7.8,30.7
2016-11-03 03:10:00,750.0,659.8,448.1,547.7,799.0,766.6,7.7,30.6
2016-11-03 04:10:00,746.3,656.8,445.2,544.6,805.4,771.3,6.3,30.6
2016-11-03 05:10:00,737.1,659.1,446.9,547.6,802.2,754.8,6.6,31.4
2016-11-03 06:10:00,696.3,675.2,500.7,552.2,827.3,771.6,6.9,32.2
2016-11-03 07:10:00,757.5,724.8,504.2,576.3,847.9,782.3,6.7,32.8
2016-11-03 08:10:00,829.4,823.1,607.3,633.8,889.8,841.9,6.6,34.4
2016-11-03 09:10:00,949.7,946.7,733.5,693.1,931.0,943.2,6.5,37.6
2016-11-03 10:10:00,904.2,985.1,753.4,696.4,1013.9,959.0,6.4,37.4
2016-11-03 11:10:00,962.4,1005.9,752.9,687.6,1028.1,1019.5,4.0,34.5
2016-11-03 12:10:00,885.1,986.7,744.1,647.1,1012.4,978.1,5.2,34.8
2016-11-03 13:10:00,881.3,949.7,730.5,666.3,969.6,937.1,4.9,33.1
2016-11-03 14:10:00,934.2,1000.9,803.0,729.8,999.3,981.7,11.0,35.1
2016-11-03 15:10:00,942.1,1000.5,815.6,735.0,998.7,991.7,7.0,36.3
2016-11-03 16:10:00,936.6,1016.2,844.1,735.7,977.9,976.8,6.8,36.6
2016-11-03 17:10:00,952.2,1015.7,814.9,725.0,983.8,978.9,7.4,38.8
2016-11-03 18:10:00,952.0,1016.3,867.8,741.8,975.7,1003.5,7.3,41.2
2016-11-03 19:10:00,951.5,993.8,821.2,737.8,987.8,996.0,7.4,40.1
2016-11-03 20:10:00,925.6,963.4,775.0,719.9,976.4,960.5,7.2,40.5
2016-11-03 21:10:00,900.8,936.3,773.3,688.0,936.7,954.3,7.3,39.5
2016-11-03 22:10:00,832.5,878.5,746.0,654.7,906.1,921.4,7.4,37.3
2016-11-03 23:10:00,791.3,837.9,737.6,644.0,855.1,872.5,5.1,34.6
2016-11-04 00:10:00,744.7,773.6,718.7,628.0,791.9,825.9,3.9,31.7
2016-11-04 01:10:00,749.1,719.8,589.2,600.1,805.3,798.1,4.1,29.6
2016-11-04 02:10:00,776.0,685.0,522.1,589.8,791.9,790.1,3.7,28.8
2016-11-04 03:10:00,734.4,671.2,499.9,570.7,796.6,764.9,3.8,28.0
2016-11-04 04:10:00,728.8,670.9,493.4,555.8,778.1,749.4,3.7,27.8
2016-11-04 05:10:00,721.9,667.2,500.3,555.2,793.9,769.7,4.2,28.2
2016-11-04 06:10:00,763.8,691.4,497.6,564.5,777.9,758.7,4.1,28.7
2016-11-04 07:10:00,785.2,755.1,528.2,587.3,828.0,772.4,4.0,30.5
2016-11-04 08:10:00,805.6,836.3,688.2,634.4,857.5,853.0,3.9,31.4
2016-11-04 09:10:00,917.6,970.3,810.2,707.0,922.7,940.7,3.7,36.3
2016-11-04 10:10:00,925.3,1002.2,800.9,717.3,999.9,976.8,6.8,36.7
2016-11-04 11:10:00,944.0,1034.5,867.4,746.7,1014.1,1015.1,7.3,36.5
2016-11-04 12:10:00,918.5,1013.0,797.1,693.4,1002.5,981.6,4.7,34.8
2016-11-04 13:10:00,888.5,968.3,791.6,687.4,972.5,969.5,7.0,34.5
2016-11-04 14:10:00,941.9,1027.0,856.9,742.1,1005.8,1007.5,7.1,35.2
2016-11-04 15:10:00,951.6,1027.6,848.0,733.3,993.3,1003.2,7.5,36.3
2016-11-04 16:10:00,962.7,1030.2,852.6,747.3,980.5,989.7,7.6,36.0
2016-11-04 17:10:00,978.4,1027.9,814.4,727.7,964.2,970.9,7.6,38.1
2016-11-04 18:10:00,958.1,1037.5,893.8,747.4,960.9,995.6,7.5,39.8
2016-11-04 19:10:00,944.8,1004.4,829.6,731.8,977.5,980.8,5.5,40.4
2016-11-04 20:10:00,914.0,976.4,803.5,709.9,957.6,954.7,5.2,39.3
2016-11-04 21:10:00,865.1,934.3,806.8,682.0,914.7,937.4,5.5,38.3
2016-11-04 22:10:00,827.6,879.4,793.3,662.6,855.1,902.9,5.2,36.3
2016-11-04 23:10:00,788.5,837.4,755.9,665.9,860.0,872.7,5.6,34.0
2016-11-05 00:10:00,768.9,773.5,711.7,635.7,782.0,827.8,5.3,31.0
2016-11-05 01:10:00,778.2,729.5,595.3,605.4,793.8,807.8,5.3,30.0
2016-11-05 02:10:00,768.8,689.4,517.4,595.8,793.1,771.3,5.4,28.3
2016-11-05 03:10:00,752.5,661.2,490.7,585.6,782.0,756.3,4.7,26.8
2016-11-05 04:10:00,729.1,664.1,491.1,569.5,797.8,761.5,4.5,27.4
2016-11-05 05:10:00,714.6,671.6,490.3,562.6,812.3,760.0,4.7,27.8
2016-11-05 06:10:00,718.7,668.7,494.2,573.3,801.5,748.8,4.5,28.1
2016-11-05 07:10:00,752.2,705.4,497.6,573.0,810.0,756.5,4.3,29.2
2016-11-05 08:10:00,761.0,730.7,616.6,608.8,782.3,794.7,4.6,30.3
2016-11-05 09:10:00,762.0,797.4,704.6,650.3,860.0,850.4,4.4,32.8
2016-11-05 10:10:00,762.2,841.1,717.1,661.2,926.3,873.8,4.4,33.8
2016-11-05 11:10:00,813.8,892.6,744.5,673.9,939.2,900.4,4.4,35.0
2016-11-05 12:10:00,757.7,884.6,760.5,662.5,954.7,895.0,4.8,35.6
2016-11-05 13:10:00,781.2,872.2,732.2,663.0,925.9,874.2,4.6,34.5
2016-11-05 14:10:00,796.9,891.7,745.7,666.4,944.3,899.1,4.6,34.2
2016-11-05 15:10:00,805.5,880.6,746.6,670.2,911.1,882.3,5.2,35.4
2016-11-05 16:10:00,827.6,874.2,743.0,682.9,897.2,880.6,5.3,35.4
2016-11-05 17:10:00,842.3,887.4,741.0,664.7,876.5,875.7,5.5,37.6
2016-11-05 18:10:00,886.5,915.8,764.5,690.7,897.5,908.4,7.3,40.8
2016-11-05 19:10:00,835.1,895.0,766.9,687.2,895.9,883.9,7.4,39.2
2016-11-05 20:10:00,782.2,882.1,767.4,668.9,911.2,878.6,7.5,38.6
2016-11-05 21:10:00,756.3,862.6,798.7,668.0,873.9,868.4,7.3,37.1
2016-11-05 22:10:00,744.3,834.2,775.7,643.8,835.0,846.4,5.6,36.2
2016-11-05 23:10:00,709.3,797.6,755.1,631.1,820.6,827.7,5.1,33.8
2016-11-06 00:10:00,688.5,739.7,716.0,598.0,760.3,800.3,4.2,31.0
2016-11-06 01:10:00,679.2,690.6,606.3,579.1,781.0,772.0,4.4,29.1
2016-11-06 02:10:00,709.5,673.5,533.2,568.4,764.8,742.6,4.2,27.2
2016-11-06 03:10:00,689.6,654.9,499.7,551.1,768.3,729.4,4.3,26.7
2016-11-06 04:10:00,665.3,631.5,488.2,540.6,763.7,722.5,4.2,26.9
2016-11-06 05:10:00,671.9,633.2,483.6,542.2,753.9,711.1,4.4,27.2
2016-11-06 06:10:00,672.4,643.3,497.0,540.4,757.6,719.9,4.2,27.5
2016-11-06 07:10:00,659.7,660.6,496.7,520.6,758.7,710.1,4.3,28.1
2016-11-06 08:10:00,661.1,692.3,550.3,542.9,790.7,741.4,4.5,30.0
2016-11-06 09:10:00,699.4,737.7,604.6,561.1,786.8,765.7,5.2,31.5
2016-11-06 10:10:00,681.4,775.8,715.8,589.7,802.0,806.2,5.0,32.6
2016-11-06 11:10:00,669.5,817.0,746.1,595.0,847.6,823.0,6.3,34.5
2016-11-06 12:10:00,679.1,834.0,749.0,592.9,856.4,829.0,6.6,35.1
2016-11-06 13:10:00,655.9,826.7,748.7,599.0,881.8,832.1,6.6,35.1
2016-11-06 14:10:00,674.2,827.9,750.7,592.2,852.2,827.4,6.4,36.0
2016-11-06 15:10:00,658.7,818.1,743.1,588.9,863.4,829.4,6.2,35.0
2016-11-06 16:10:00,654.8,823.5,754.7,595.5,850.2,812.2,6.6,35.1
2016-11-06 17:10:00,706.3,844.1,793.1,628.2,842.3,840.2,8.7,37.9
2016-11-06 18:10:00,769.2,891.6,851.0,647.2,853.3,902.6,8.8,41.0
2016-11-06 19:10:00,781.3,874.4,802.4,657.3,846.6,868.2,8.7,39.1
2016-11-06 20:10:00,787.3,889.0,807.8,656.7,848.8,867.6,8.7,39.2
2016-11-06 21:10:00,788.8,885.7,792.7,654.7,851.8,863.4,8.8,38.3
2016-11-06 22:10:00,767.6,843.6,756.8,623.9,809.9,837.6,6.6,35.9
2016-11-06 23:10:00,767.3,779.6,700.8,611.2,769.0,816.8,4.9,34.4
2016-11-07 00:10:00,742.6,725.8,603.1,580.1,772.8,785.4,5.1,32.2
2016-11-07 01:10:00,700.3,673.4,541.9,562.3,762.6,743.5,4.9,30.5
2016-11-07 02:10:00,683.3,641.3,489.8,547.6,764.7,725.6,5.4,28.7
2016-11-07 03:10:00,701.7,641.2,467.1,543.5,762.9,723.1,5.2,29.0
2016-11-07 04:10:00,691.5,632.8,465.7,538.8,759.4,721.9,5.3,28.5
2016-11-07 05:10:00,691.5,638.8,466.0,534.3,763.7,724.7,5.3,28.7
2016-11-07 06:10:00,749.6,660.3,461.2,551.0,757.7,731.3,5.0,30.8
2016-11-07 07:10:00,734.2,725.5,500.3,579.6,832.4,736.0,5.2,31.1
2016-11-07 08:10:00,854.8,837.7,648.0,635.2,826.0,828.9,5.1,32.1
2016-11-07 09:10:00,948.1,990.1,797.5,718.1,922.3,930.2,6.3,35.7
2016-11-07 10:10:00,941.7,1042.1,816.7,729.1,1008.5,966.5,6.2,35.5
2016-11-07 11:10:00,957.2,1084.7,873.0,755.5,1034.4,997.6,8.5,35.2
2016-11-07 12:10:00,954.1,1064.7,809.9,707.6,1023.3,985.4,5.9,35.5
2016-11-07 13:10:00,963.7,1045.6,809.5,711.5,980.7,967.9,5.2,34.1
2016-11-07 14:10:00,1017.0,1100.3,869.2,769.6,1031.0,1017.0,6.5,36.8
2016-11-07 15:10:00,1003.5,1093.3,873.3,768.9,1020.3,1005.1,6.8,36.7
2016-11-07 16:10:00,988.6,1094.2,897.0,775.8,1004.1,988.9,6.8,37.6
2016-11-07 17:10:00,992.3,1080.1,874.3,759.8,996.4,991.4,6.7,38.3
2016-11-07 18:10:00,981.1,1088.3,945.7,781.2,994.3,1017.0,7.0,41.6
2016-11-07 19:10:00,983.0,1051.7,861.3,759.2,992.7,992.2,6.6,40.5
2016-11-07 20:10:00,957.0,1014.8,826.8,735.6,964.2,964.2,6.7,40.1
2016-11-07 21:10:00,951.6,970.4,813.5,703.6,890.4,949.4,6.7,38.8
2016-11-07 22:10:00,903.5,913.4,769.2,671.3,860.3,918.3,6.8,36.8
2016-11-07 23:10:00,877.5,863.9,732.7,682.7,845.3,880.2,4.9,33.5
2016-11-08 00:10:00,846.5,805.2,633.3,635.1,836.2,850.0,5.1,30.7
2016-11-08 01:10:00,825.6,757.8,589.8,612.2,796.1,817.8,5.4,29.0
2016-11-08 02:10:00,796.1,720.4,529.9,587.7,789.2,784.4,5.1,27.8
2016-11-08 03:10:00,770.7,711.3,533.6,585.1,786.4,772.8,5.5,27.0
2016-11-08 04:10:00,772.0,689.3,525.6,577.7,771.2,780.3,5.6,27.1
2016-11-08 05:10:00,769.1,691.0,514.5,572.2,773.2,773.0,5.9,26.5
2016-11-08 06:10:00,798.3,722.0,528.0,582.2,789.3,788.4,5.7,28.7
2016-11-08 07:10:00,838.4,772.6,570.3,594.3,784.5,802.2,5.2,29.4
2016-11-08 08:10:00,875.9,886.6,725.4,663.2,840.2,868.6,8.2,31.2
2016-11-08 09:10:00,959.8,1023.2,861.8,740.8,927.8,956.3,6.1,35.2
2016-11-08 10:10:00,987.5,1074.8,863.3,757.8,1003.3,991.4,6.2,36.3
2016-11-08 11:10:00,999.0,1105.9,910.0,769.1,1008.1,1013.4,8.2,36.9
2016-11-08 12:10:00,990.1,1086.1,825.0,729.6,1015.5,987.0,8.5,36.2
2016-11-08 13:10:00,947.5,1028.2,822.4,719.4,970.7,962.9,5.0,35.2
2016-11-08 14:10:00,1023.4,1063.7,867.2,767.2,987.5,1018.8,8.3,36.8
2016-11-08 15:10:00,1016.5,1057.6,867.3,756.4,972.1,1010.1,5.9,37.6
2016-11-08 16:10:00,1014.3,1057.5,876.2,754.8,975.1,1020.4,4.8,37.7
2016-11-08 17:10:00,994.1,1064.3,865.6,733.8,987.6,1014.3,5.0,39.8
2016-11-08 18:10:00,998.3,1058.2,885.0,742.0,999.1,1044.4,4.8,42.5
2016-11-08 19:10:00,977.6,1022.4,871.3,722.6,931.9,999.2,4.7,41.4
2016-11-08 20:10:00,920.8,985.3,866.7,696.3,919.1,988.6,4.7,41.2
2016-11-08 21:10:00,882.8,953.1,853.1,671.2,883.8,959.9,4.7,40.2
2016-11-08 22:10:00,867.7,891.4,791.6,635.9,817.9,922.5,8.3,35.8
2016-11-08 23:10:00,840.0,838.6,775.4,637.4,772.0,883.7,5.5,33.2
2016-11-09 00:10:00,790.0,789.7,681.4,600.3,786.2,841.9,5.2,30.8
2016-11-09 01:10:00,762.2,732.9,612.2,575.8,764.0,806.1,5.0,28.5
2016-11-09 02:10:00,753.1,693.5,559.4,562.1,757.7,791.7,5.1,28.1
2016-11-09 03:10:00,744.9,689.6,530.3,565.7,790.2,788.1,5.4,27.4
2016-11-09 04:10:00,735.5,678.8,517.3,552.9,767.9,766.8,5.2,27.4
2016-11-09 05:10:00,730.7,670.2,510.1,555.9,776.5,769.1,5.2,27.3
2016-11-09 06:10:00,824.4,701.6,488.5,573.0,747.9,762.0,4.8,29.2
2016-11-09 07:10:00,809.4,753.8,536.7,574.8,790.9,784.1,5.0,29.4
2016-11-09 08:10:00,855.0,864.6,673.7,623.8,830.2,844.7,5.1,30.8
2016-11-09 09:10:00,970.4,957.0,742.0,686.2,896.5,936.8,4.9,33.8
2016-11-09 10:10:00,956.4,988.7,745.8,701.7,983.1,965.3,4.9,34.6
2016-11-09 11:10:00,942.5,1018.0,789.8,706.2,1029.3,1010.8,7.4,34.2
2016-11-09 12:10:00,940.0,988.0,729.8,663.7,987.1,976.2,4.5,33.5
2016-11-09 13:10:00,897.8,954.5,739.7,661.0,955.8,950.4,4.4,31.7
2016-11-09 14:10:00,969.7,1002.2,783.5,706.2,975.6,993.4,6.7,33.7
2016-11-09 15:10:00,986.5,1001.1,787.2,716.1,966.5,997.1,7.2,33.1
2016-11-09 16:10:00,973.4,996.5,812.9,728.5,944.0,978.6,7.1,33.8
2016-11-09 17:10:00,969.2,1004.9,823.6,711.6,923.1,968.8,5.6,36.1
2016-11-09 18:10:00,980.6,1022.1,861.4,733.1,940.9,996.1,7.4,39.0
2016-11-09 19:10:00,978.4,988.9,800.4,724.8,938.8,974.1,7.5,37.2
2016-11-09 20:10:00,957.5,957.9,761.5,700.3,932.8,961.1,5.2,37.6
2016-11-09 21:10:00,917.1,926.8,770.1,674.0,895.2,949.8,5.3,37.0
2016-11-09 22:10:00,900.5,876.7,745.8,643.7,818.3,914.5,5.3,35.1
2016-11-09 23:10:00,854.6,824.2,731.3,650.8,789.4,873.2,5.3,32.5
2016-11-10 00:10:00,895.1,768.2,592.3,620.7,765.3,839.0,4.9,29.7
2016-11-10 01:10:00,844.9,726.6,541.4,608.9,776.8,804.2,4.7,28.2
2016-11-10 02:10:00,805.0,688.8,523.5,597.3,766.1,786.7,5.1,26.9
2016-11-10 03:10:00,802.3,694.7,493.0,582.2,765.7,761.9,4.7,26.8
2016-11-10 04:10:00,792.0,675.3,492.6,582.5,755.5,761.0,4.2,25.5
2016-11-10 05:10:00,795.8,675.9,491.4,577.6,756.2,767.3,4.3,26.9
2016-11-10 06:10:00,804.6,697.8,500.1,591.0,777.5,772.2,6.1,27.4
2016-11-10 07:10:00,859.0,754.4,525.6,618.3,795.1,782.6,4.4,28.9
2016-11-10 08:10:00,864.0,856.4,676.2,664.0,836.3,830.0,4.4,30.4
2016-11-10 09:10:00,961.4,978.2,777.1,731.3,909.3,911.0,7.0,34.3
2016-11-10 10:10:00,878.3,913.2,700.3,677.6,889.5,851.2,5.0,31.1
2016-11-10 11:10:00,966.2,1022.2,802.0,747.6,983.8,955.2,8.1,35.2
2016-11-10 12:10:00,947.7,1003.2,740.1,712.6,959.7,902.7,5.1,34.1
2016-11-10 13:10:00,946.1,955.1,737.5,722.1,899.1,879.5,6.4,32.4
2016-11-10 14:10:00,985.6,1009.9,794.3,772.5,956.5,926.3,6.3,34.1
2016-11-10 15:10:00,993.2,1012.0,783.3,769.9,951.7,917.0,6.5,35.9
2016-11-10 16:10:00,982.8,1016.9,817.8,784.0,946.2,917.2,8.1,36.7
2016-11-10 17:10:00,981.3,1025.2,820.2,773.8,951.5,923.6,8.2,38.4
2016-11-10 18:10:00,974.6,1025.0,868.2,788.1,950.0,951.0,10.3,39.0
2016-11-10 19:10:00,985.0,997.0,790.2,760.7,948.9,938.5,10.3,38.2
2016-11-10 20:10:00,975.3,961.2,780.1,746.0,896.7,912.2,5.2,38.0
2016-11-10 21:10:00,928.6,935.4,789.5,720.6,868.0,897.8,5.3,37.6
2016-11-10 22:10:00,853.2,884.4,773.5,679.6,831.7,864.3,5.2,35.4
2016-11-10 23:10:00,806.4,849.4,756.7,671.0,821.0,835.7,5.2,33.2
2016-11-11 00:10:00,809.7,780.3,675.2,635.1,750.0,794.2,5.1,30.5
2016-11-11 01:10:00,774.3,724.9,587.5,627.8,771.9,756.6,4.3,28.7
2016-11-11 02:10:00,769.2,690.7,536.9,604.1,766.9,755.4,4.7,27.4
2016-11-11 03:10:00,775.6,671.7,494.7,594.1,760.6,742.1,4.3,27.3
2016-11-11 04:10:00,762.9,658.1,499.1,592.0,737.5,727.4,4.5,26.6
2016-11-11 05:10:00,748.1,675.6,511.8,602.1,759.8,719.5,4.6,27.0
2016-11-11 06:10:00,776.2,686.5,520.4,598.8,761.4,748.7,4.5,28.5
2016-11-11 07:10:00,808.6,730.4,547.8,612.7,757.5,746.6,4.3,28.6
2016-11-11 08:10:00,809.0,811.3,702.7,668.1,788.4,794.0,4.4,31.1
2016-11-11 09:10:00,902.3,912.2,812.3,731.2,828.8,873.8,6.9,33.1
2016-11-11 10:10:00,916.8,938.3,781.0,740.4,911.1,901.2,4.5,33.5
2016-11-11 11:10:00,920.3,963.9,820.7,745.9,923.5,923.8,4.7,35.5
2016-11-11 12:10:00,923.3,957.4,717.4,704.8,943.2,890.8,4.1,35.1
2016-11-11 13:10:00,916.8,925.5,700.3,704.0,906.5,865.6,4.7,33.2
2016-11-11 14:10:00,939.2,956.3,755.6,745.2,956.8,920.3,4.7,34.6
2016-11-11 15:10:00,952.1,945.0,746.8,750.7,946.7,918.8,4.7,35.6
2016-11-11 16:10:00,941.9,951.7,784.8,765.8,951.4,932.8,8.2,36.0
2016-11-11 17:10:00,944.5,959.1,795.8,753.2,955.6,949.6,5.1,39.3
2016-11-11 18:10:00,936.2,972.2,862.7,772.2,950.0,971.2,8.2,41.5
2016-11-11 19:10:00,932.4,940.1,807.4,760.9,940.1,947.9,8.1,39.1
2016-11-11 20:10:00,944.6,919.5,753.8,742.8,908.8,911.3,5.2,38.8
2016-11-11 21:10:00,943.1,897.5,761.2,709.8,824.2,887.4,5.0,38.8
2016-11-11 22:10:00,875.0,860.3,768.9,683.4,801.8,868.9,4.9,38.0
2016-11-11 23:10:00,857.3,811.3,727.2,675.6,775.5,844.4,5.0,33.8
2016-11-12 00:10:00,868.7,775.6,615.1,648.8,783.4,815.6,4.3,31.5
2016-11-12 01:10:00,856.3,718.4,515.5,627.3,768.1,769.1,4.0,29.2
2016-11-12 02:10:00,798.9,688.4,489.5,597.2,777.7,755.8,4.1,28.6
2016-11-12 03:10:00,771.1,662.0,485.0,593.6,761.8,738.7,4.3,27.8
2016-11-12 04:10:00,768.8,663.1,479.8,584.5,759.2,736.3,3.8,27.7
2016-11-12 05:10:00,772.2,670.9,490.1,584.5,761.6,743.4,3.9,29.0
2016-11-12 06:10:00,766.9,666.0,486.7,581.9,761.6,742.8,4.2,28.7
2016-11-12 07:10:00,774.5,677.2,483.4,582.2,760.8,734.1,4.0,29.2
2016-11-12 08:10:00,815.1,731.6,557.6,607.9,753.8,759.4,4.1,31.6
2016-11-12 09:10:00,838.1,797.0,695.7,660.6,777.3,823.2,3.9,34.3
2016-11-12 10:10:00,882.4,835.1,675.2,680.5,832.5,841.9,3.2,35.7
2016-11-12 11:10:00,875.5,863.7,707.3,691.8,869.5,864.4,3.8,36.2
2016-11-12 12:10:00,879.7,873.3,686.9,676.4,881.2,866.5,3.8,35.5
2016-11-12 13:10:00,886.4,864.9,687.3,674.7,867.1,869.3,3.7,35.6
2016-11-12 14:10:00,899.9,873.0,701.4,694.3,885.7,888.4,3.9,35.1
2016-11-12 15:10:00,884.9,855.3,691.1,693.7,856.0,851.6,3.6,35.1
2016-11-12 16:10:00,898.8,859.4,693.2,683.7,851.1,867.2,3.8,36.7
2016-11-12 17:10:00,884.5,876.2,735.1,695.0,857.3,873.7,6.6,38.6
2016-11-12 18:10:00,895.4,897.9,790.1,708.7,839.0,884.5,7.7,41.0
2016-11-12 19:10:00,896.9,887.5,754.2,694.6,842.5,879.2,7.7,39.9
2016-11-12 20:10:00,898.9,888.1,761.1,694.9,834.1,879.8,7.7,39.0
2016-11-12 21:10:00,886.1,879.7,717.5,692.8,855.5,855.2,7.7,39.1
2016-11-12 22:10:00,796.7,842.2,738.4,660.0,854.8,854.4,4.4,37.7
2016-11-12 23:10:00,810.5,792.4,678.4,638.4,788.3,815.1,4.5,35.8
2016-11-13 00:10:00,808.1,734.6,591.6,612.7,747.5,771.7,4.1,32.3
2016-11-13 01:10:00,782.4,711.1,545.9,592.1,771.8,770.4,4.2,30.7
2016-11-13 02:10:00,728.3,672.2,524.1,591.6,762.5,725.9,4.0,29.2
2016-11-13 03:10:00,687.5,648.0,501.5,570.8,771.7,717.8,4.2,28.2
2016-11-13 04:10:00,678.2,631.6,499.4,564.9,757.3,714.6,4.4,28.0
2016-11-13 05:10:00,710.5,633.4,473.8,565.5,758.3,718.6,4.2,29.3
2016-11-13 06:10:00,720.8,648.4,468.5,561.3,744.0,697.0,4.1,30.7
2016-11-13 07:10:00,716.8,668.0,474.4,542.1,735.7,690.1,4.0,30.6
2016-11-13 08:10:00,684.0,687.0,566.6,558.7,736.2,714.6,4.3,31.1
2016-11-13 09:10:00,656.4,749.6,679.7,566.4,750.7,741.1,3.9,33.6
2016-11-13 10:10:00,700.5,772.4,679.2,592.1,769.1,753.6,4.1,34.9
2016-11-13 11:10:00,746.1,813.2,724.0,618.2,787.7,795.0,4.3,35.7
2016-11-13 12:10:00,716.2,820.1,739.7,610.8,812.4,806.8,3.9,34.6
2016-11-13 13:10:00,684.2,831.5,781.2,612.4,812.6,802.8,3.8,35.1
2016-11-13 14:10:00,716.2,828.4,777.4,620.2,815.9,829.0,4.0,35.8
2016-11-13 15:10:00,730.9,830.6,777.9,617.0,813.3,842.2,3.8,36.0
2016-11-13 16:10:00,725.2,814.4,767.9,617.4,802.5,832.1,4.3,36.1
2016-11-13 17:10:00,779.1,867.5,802.0,643.3,779.6,815.3,4.3,39.0
2016-11-13 18:10:00,817.1,900.4,872.5,683.4,798.6,865.9,4.7,43.1
2016-11-13 19:10:00,815.5,892.3,855.9,684.4,799.6,856.9,4.7,42.1
2016-11-13 20:10:00,798.9,891.5,864.7,662.3,793.1,867.4,4.9,40.5
2016-11-13 21:10:00,787.3,882.3,849.6,662.1,793.2,852.6,7.1,40.2
2016-11-13 22:10:00,739.4,832.9,807.6,648.7,792.7,828.2,6.8,36.7
2016-11-13 23:10:00,718.4,799.2,726.4,622.1,794.8,787.1,4.0,35.2
2016-11-14 00:10:00,707.3,734.3,624.5,594.6,774.1,748.8,3.8,32.1
2016-11-14 01:10:00,696.0,696.2,563.1,576.8,766.2,726.4,3.9,29.8
2016-11-14 02:10:00,664.5,660.1,528.1,559.3,767.7,716.4,3.8,28.4
2016-11-14 03:10:00,690.1,646.8,470.4,556.4,755.9,688.9,3.7,27.9
2016-11-14 04:10:00,690.8,634.1,441.0,560.9,781.0,693.0,4.1,28.8
2016-11-14 05:10:00,697.3,647.0,435.4,555.5,799.0,702.4,3.1,30.0
2016-11-14 06:10:00,706.7,676.3,463.4,557.5,805.2,714.7,3.9,30.6
2016-11-14 07:10:00,706.3,738.0,536.8,582.5,818.9,714.4,4.0,31.0
2016-11-14 08:10:00,757.5,841.5,697.1,637.5,834.1,780.9,3.5,32.3
2016-11-14 09:10:00,915.4,971.3,797.6,722.6,911.0,898.2,3.4,35.3
2016-11-14 10:10:00,983.0,1035.4,808.3,754.1,969.4,936.4,3.2,38.1
2016-11-14 11:10:00,994.1,1076.8,847.7,774.3,1000.3,956.4,3.7,38.3
2016-11-14 12:10:00,985.4,1076.8,806.7,740.4,997.1,941.6,6.5,37.0
2016-11-14 13:10:00,975.9,1043.4,794.6,740.7,974.0,928.2,4.5,36.7
2016-11-14 14:10:00,1040.0,1101.1,852.7,792.8,986.8,954.7,6.5,37.4
2016-11-14 15:10:00,1015.2,1089.5,852.2,782.5,1003.0,966.7,6.5,38.2
2016-11-14 16:10:00,1044.9,1087.0,838.8,780.7,981.0,961.7,3.7,39.0
2016-11-14 17:10:00,1050.7,1084.8,867.1,769.0,927.4,954.6,3.6,40.6
2016-11-14 18:10:00,1052.5,1090.0,918.6,781.4,923.7,984.4,3.8,42.9
2016-11-14 19:10:00,1047.5,1044.9,853.6,773.3,920.9,965.5,3.8,42.1
2016-11-14 20:10:00,1008.6,1007.1,803.1,740.4,912.0,939.1,3.9,41.0
2016-11-14 21:10:00,993.7,974.9,791.9,720.3,868.0,922.0,3.6,40.0
2016-11-14 22:10:00,923.2,919.4,779.3,682.3,820.2,887.4,3.7,37.3
2016-11-14 23:10:00,844.5,858.2,754.0,675.2,824.6,858.0,3.7,35.4
2016-11-15 00:10:00,869.8,796.4,665.5,645.0,754.9,820.1,3.9,32.7
2016-11-15 01:10:00,844.7,748.0,606.8,622.8,733.8,787.7,3.8,30.5
2016-11-15 02:10:00,819.6,713.9,556.7,605.8,737.9,769.8,4.0,28.8
2016-11-15 03:10:00,829.9,707.3,525.7,606.5,732.2,749.1,4.0,28.9
2016-11-15 04:10:00,824.0,689.7,497.7,591.3,733.7,749.6,3.8,28.7
2016-11-15 05:10:00,808.9,688.3,498.7,588.9,738.9,744.9,4.0,28.5
2016-11-15 06:10:00,817.5,728.1,521.0,587.1,766.9,764.1,4.1,30.0
2016-11-15 07:10:00,853.0,777.8,553.5,607.7,780.8,775.1,3.9,30.6
2016-11-15 08:10:00,871.2,876.6,752.5,682.7,801.0,838.1,5.5,32.7
2016-11-15 09:10:00,1019.5,1025.7,828.7,754.7,893.3,927.6,3.2,36.7
2016-11-15 10:10:00,1071.1,1078.3,799.9,771.9,971.7,956.5,3.0,39.0
2016-11-15 11:10:00,1088.0,1105.7,839.5,792.6,997.4,990.9,4.1,39.9
2016-11-15 12:10:00,1040.6,1097.8,821.3,745.7,986.7,969.6,3.8,39.1
2016-11-15 13:10:00,1041.3,1048.0,791.9,754.0,946.7,945.0,3.8,36.7
2016-11-15 14:10:00,1048.4,1090.7,873.3,798.5,996.2,993.7,4.2,39.1
2016-11-15 15:10:00,1058.0,1089.9,861.5,790.1,993.1,998.1,4.2,38.7
2016-11-15 16:10:00,1070.6,1092.4,867.6,805.2,989.0,993.7,4.0,39.9
2016-11-15 17:10:00,1056.4,1081.8,826.0,774.9,977.5,967.0,4.1,40.4
2016-11-15 18:10:00,1081.3,1090.4,858.6,788.2,969.0,989.6,3.7,44.5
2016-11-15 19:10:00,1064.7,1042.5,795.9,770.0,960.3,969.6,3.8,42.6
2016-11-15 20:10:00,1032.9,1011.1,796.7,750.7,922.0,951.5,3.8,42.3
2016-11-15 21:10:00,1022.7,966.6,756.5,716.4,870.2,929.4,3.9,41.0
2016-11-15 22:10:00,944.0,913.0,748.4,700.7,844.8,888.8,4.0,38.7
2016-11-15 23:10:00,898.3,861.0,742.5,679.7,797.6,865.3,3.8,36.2
2016-11-16 00:10:00,853.3,799.6,633.4,631.2,791.6,818.5,3.8,32.9
2016-11-16 01:10:00,804.0,739.0,584.9,610.0,789.5,802.0,3.9,31.3
2016-11-16 02:10:00,797.2,727.4,529.5,592.5,796.2,776.5,3.7,30.1
2016-11-16 09:10:00,1015.7,1001.8,786.3,750.3,910.6,927.7,4.1,36.9
2016-11-16 10:10:00,1025.6,1043.5,809.2,764.5,965.6,958.6,3.3,37.1
2016-11-16 11:10:00,1014.7,1081.7,865.6,780.6,1009.6,991.8,3.1,38.9
2016-11-16 12:10:00,994.1,1070.4,799.2,744.8,1028.6,971.7,2.9,37.9
2016-11-16 13:10:00,962.4,1037.7,815.0,739.1,985.7,952.5,3.2,37.0
2016-11-16 14:10:00,1063.9,1103.5,860.9,796.8,1007.2,995.6,3.1,39.2
2016-11-16 15:10:00,1051.8,1095.0,853.2,790.2,1003.8,988.0,3.2,38.7
2016-11-16 16:10:00,1059.2,1086.1,856.1,802.2,986.9,978.7,3.2,38.4
2016-11-16 17:10:00,1041.2,1087.0,841.9,770.4,973.6,961.2,3.6,41.7
2016-11-16 18:10:00,1039.6,1081.2,874.5,782.3,981.8,998.0,7.0,41.4
2016-11-16 19:10:00,1016.5,1047.6,837.3,781.0,979.9,970.0,7.0,42.1
2016-11-16 20:10:00,991.5,1002.0,814.8,771.2,951.9,946.8,3.4,41.7
2016-11-16 21:10:00,997.5,973.1,818.8,734.6,851.6,922.3,3.4,41.4
2016-11-16 22:10:00,929.2,911.4,801.9,707.2,817.4,894.5,3.2,38.6
2016-11-16 23:10:00,886.3,864.0,779.8,695.2,786.1,859.7,3.2,36.3
2016-11-17 00:10:00,878.8,800.9,659.9,653.6,768.5,823.1,3.2,32.9
2016-11-17 01:10:00,841.4,752.4,595.8,626.4,762.6,792.1,2.7,31.7
2016-11-17 02:10:00,840.3,726.2,540.0,620.2,764.3,771.3,2.8,29.7
2016-11-17 03:10:00,796.6,699.4,545.7,614.8,768.6,770.1,2.8,29.4
2016-11-17 04:10:00,757.9,695.2,540.5,595.6,767.2,747.9,2.8,29.5
2016-11-17 05:10:00,737.2,701.8,549.3,609.2,796.8,745.8,3.2,29.7
2016-11-17 06:10:00,769.7,724.9,550.2,615.8,800.8,753.4,3.3,30.0
2016-11-17 07:10:00,837.8,773.6,572.3,639.9,800.2,769.0,3.3,31.1
2016-11-17 08:10:00,874.9,883.2,732.4,695.3,830.5,828.7,2.9,33.4
2016-11-17 09:10:00,975.1,1017.2,816.2,740.6,917.0,916.8,2.8,36.4
2016-11-17 10:10:00,984.2,1075.4,832.5,760.6,993.6,939.6,2.9,37.5
2016-11-17 11:10:00,1035.4,1105.0,844.4,779.3,1012.8,973.6,3.7,38.3
2016-11-17 12:10:00,999.9,1097.3,813.7,743.9,1008.7,946.1,3.1,38.0
2016-11-17 13:10:00,992.2,1061.1,803.2,743.8,974.4,931.5,3.3,36.8
2016-11-17 14:10:00,1038.1,1117.1,886.1,794.2,996.8,976.8,4.7,37.6
2016-11-17 15:10:00,1032.1,1112.1,886.0,798.4,988.1,961.3,4.6,39.0
2016-11-17 16:10:00,1030.7,1101.6,900.8,807.6,967.9,955.6,4.5,39.0
2016-11-17 17:10:00,1013.6,1094.1,876.7,794.8,967.8,932.9,4.4,40.5
2016-11-17 18:10:00,1017.9,1110.2,939.7,806.8,963.3,964.7,4.3,43.5
2016-11-17 19:10:00,1003.1,1070.6,880.3,796.9,966.3,944.6,4.3,42.0
2016-11-17 20:10:00,990.9,1031.6,841.1,779.9,958.1,941.6,4.2,41.3
2016-11-17 21:10:00,991.7,985.1,833.9,757.2,867.2,915.2,4.4,39.8
2016-11-17 22:10:00,938.7,930.4,791.1,722.6,843.3,886.7,4.4,37.8
2016-11-17 23:10:00,904.6,875.6,736.0,703.0,835.0,865.8,3.5,34.8
2016-11-18 00:10:00,882.7,798.1,609.1,662.1,820.3,823.6,3.2,31.4
2016-11-18 01:10:00,845.2,745.0,544.1,646.7,815.3,786.3,2.9,29.4
2016-11-18 02:10:00,816.2,733.0,546.3,618.8,804.6,788.8,3.1,29.5
2016-11-18 03:10:00,800.2,712.1,523.8,621.5,792.9,757.3,2.9,29.0
2016-11-18 04:10:00,785.2,692.1,502.2,599.2,783.2,754.1,3.1,28.4
2016-11-18 05:10:00,783.1,692.1,505.8,614.0,786.9,743.3,3.0,29.3
2016-11-18 06:10:00,810.5,720.3,511.9,618.8,807.1,763.0,2.8,30.3
2016-11-18 07:10:00,847.0,774.4,531.2,622.3,824.0,776.8,2.8,31.5
2016-11-18 08:10:00,911.7,872.1,687.1,674.5,801.0,824.3,3.5,32.5
2016-11-18 09:10:00,1021.9,1016.6,809.7,760.6,877.5,899.2,3.5,36.2
2016-11-18 10:10:00,1029.0,1053.4,813.9,771.9,952.5,937.7,3.5,36.0
2016-11-18 11:10:00,1055.5,1098.5,842.7,796.3,988.2,957.2,3.4,37.7
2016-11-18 12:10:00,1042.9,1083.9,772.9,751.4,986.2,933.1,3.5,37.2
2016-11-18 13:10:00,996.8,1051.1,793.4,744.5,952.8,914.9,3.6,36.1
2016-11-18 14:10:00,1033.9,1092.6,866.3,793.3,974.2,955.8,3.6,36.3
2016-11-18 15:10:00,1039.5,1086.1,844.2,789.5,976.0,950.4,3.7,37.3
2016-11-18 16:10:00,1051.9,1089.8,866.9,818.6,967.6,943.5,3.7,38.2
2016-11-18 17:10:00,1042.2,1077.8,853.6,802.5,962.3,941.4,3.6,40.0
2016-11-18 18:10:00,1025.2,1065.1,885.4,804.0,955.3,962.7,7.1,41.2
2016-11-18 19:10:00,1009.0,1032.8,836.4,790.6,963.4,952.2,7.0,40.1
2016-11-18 20:10:00,966.4,1003.6,837.0,773.0,942.6,936.7,7.1,39.8
2016-11-18 21:10:00,986.4,969.4,838.3,747.9,838.9,914.5,6.7,38.6
2016-11-18 22:10:00,937.9,914.2,798.3,718.1,806.4,881.1,7.0,36.1
2016-11-18 23:10:00,919.4,873.8,754.0,706.0,814.5,875.7,3.4,35.9
2016-11-19 00:10:00,911.0,814.0,639.7,679.9,810.3,836.2,3.2,34.0
2016-11-19 01:10:00,848.1,761.0,588.7,645.0,795.7,797.4,2.9,32.0
2016-11-19 02:10:00,806.9,733.9,562.7,613.0,790.5,786.0,2.8,30.0
2016-11-19 03:10:00,763.8,710.8,547.5,614.2,797.1,758.3,3.8,28.9
2016-11-19 04:10:00,759.5,693.1,539.2,614.8,781.1,747.1,3.5,28.2
2016-11-19 05:10:00,748.6,701.6,536.1,604.6,781.0,732.9,3.1,29.8
2016-11-19 06:10:00,766.2,705.2,531.7,609.4,791.1,747.0,2.8,30.2
2016-11-19 07:10:00,782.8,725.5,526.5,608.1,797.2,746.3,3.4,30.1
2016-11-19 08:10:00,766.4,762.0,633.3,657.5,834.0,783.5,2.4,33.1
2016-11-19 09:10:00,832.3,839.8,676.0,687.4,886.1,834.3,3.0,36.0
2016-11-19 10:10:00,862.3,884.6,681.3,710.5,965.7,880.0,2.9,37.2
2016-11-19 11:10:00,895.6,924.4,683.2,732.7,1002.3,888.9,3.2,38.3
2016-11-19 12:10:00,871.5,922.7,685.4,695.0,995.0,898.4,3.3,39.2
2016-11-19 13:10:00,904.5,924.3,678.4,707.8,971.6,886.7,3.3,38.9
2016-11-19 14:10:00,903.1,943.2,701.6,729.2,993.6,889.9,3.2,39.1
2016-11-19 15:10:00,885.8,912.7,697.5,736.3,974.3,874.0,3.3,37.9
2016-11-19 16:10:00,921.5,929.0,678.9,732.5,974.8,877.9,3.1,38.9
2016-11-19 17:10:00,923.5,929.5,676.5,730.2,969.7,875.3,6.5,41.2
2016-11-19 18:10:00,918.6,964.0,760.2,751.9,976.9,903.3,7.3,43.8
2016-11-19 19:10:00,896.4,954.7,730.4,730.8,978.8,885.6,7.3,41.8
2016-11-19 20:10:00,902.9,931.9,693.1,719.3,973.5,884.5,7.2,41.0
2016-11-19 21:10:00,900.4,915.6,719.9,695.4,895.4,871.7,7.2,40.3
2016-11-19 22:10:00,840.8,879.7,739.9,685.8,871.0,850.6,3.6,39.2
2016-11-19 23:10:00,798.3,844.0,688.8,639.8,857.6,827.6,3.7,37.0
2016-11-20 00:10:00,700.4,792.0,687.6,629.8,851.8,786.9,3.1,34.3
2016-11-20 01:10:00,690.7,755.9,596.3,607.4,857.4,751.1,3.1,33.1
2016-11-20 02:10:00,687.2,713.0,539.8,581.8,835.3,739.9,3.3,31.0
2016-11-20 03:10:00,636.1,677.4,516.3,594.0,858.6,712.3,3.1,30.3
2016-11-20 04:10:00,609.5,675.4,520.1,571.6,852.3,708.1,3.3,30.0
2016-11-20 05:10:00,612.0,685.1,516.7,556.4,856.5,715.7,2.9,30.9
2016-11-20 06:10:00,649.2,679.3,502.8,575.6,835.9,704.7,3.1,31.4
2016-11-20 07:10:00,685.0,696.7,477.4,580.8,841.7,699.1,3.3,30.8
2016-11-20 08:10:00,708.8,721.2,481.8,583.8,868.7,724.2,3.0,33.2
2016-11-20 09:10:00,695.9,763.4,546.2,599.1,894.6,742.4,3.5,35.4
2016-11-20 10:10:00,693.3,805.5,628.6,606.9,904.0,779.8,3.2,36.8
2016-11-20 11:10:00,700.7,846.6,676.1,607.1,911.6,800.0,2.6,37.3
2016-11-20 12:10:00,707.1,846.2,695.5,611.9,897.1,807.8,3.0,36.9
2016-11-20 13:10:00,692.4,850.1,688.1,616.1,907.1,788.4,2.9,36.1
2016-11-20 14:10:00,712.4,837.4,689.5,612.4,879.8,798.7,3.1,36.2
2016-11-20 15:10:00,680.6,829.8,684.4,619.3,889.4,771.4,2.8,36.8
2016-11-20 16:10:00,696.8,828.0,698.9,635.3,886.2,784.9,3.2,37.0
2016-11-20 17:10:00,742.3,867.4,741.6,650.6,871.6,802.9,5.0,39.6
2016-11-20 18:10:00,768.3,903.7,818.3,686.2,889.6,852.8,6.1,39.6
2016-11-20 19:10:00,764.7,898.6,821.0,694.1,888.7,848.3,6.3,39.6
2016-11-20 20:10:00,763.2,899.3,803.6,680.9,888.0,840.7,6.2,40.0
2016-11-20 21:10:00,770.8,889.0,786.3,675.6,901.7,858.6,3.4,39.1
2016-11-20 22:10:00,754.7,842.4,743.2,659.8,872.0,834.5,3.8,37.1
2016-11-20 23:10:00,681.5,790.4,685.9,611.6,866.4,800.4,3.3,34.6
2016-11-21 00:10:00,666.3,739.9,590.6,590.2,875.0,773.1,3.4,32.0
2016-11-21 01:10:00,624.4,688.1,540.1,580.1,866.6,736.2,3.5,30.1
2016-11-21 02:10:00,583.1,675.0,503.1,565.5,893.8,714.3,3.9,29.1
2016-11-21 03:10:00,567.5,651.1,474.1,548.8,892.9,710.6,4.0,28.0
2016-11-21 04:10:00,575.6,648.9,451.8,548.1,892.5,698.0,3.3,28.3
2016-11-21 05:10:00,600.8,650.8,444.3,565.8,898.7,701.3,3.1,29.0
2016-11-21 06:10:00,639.1,680.1,449.1,562.1,896.8,715.2,3.0,30.5
2016-11-21 07:10:00,717.0,735.8,488.9,578.6,880.5,743.7,3.1,31.5
2016-11-21 08:10:00,789.0,852.3,626.6,653.7,907.0,788.9,3.1,30.8
2016-11-21 09:10:00,896.6,988.7,769.3,728.5,964.9,881.2,3.1,35.6
2016-11-21 10:10:00,936.2,1046.1,754.2,755.7,1064.1,918.2,2.9,37.3
2016-11-21 11:10:00,984.9,1066.7,787.6,762.9,1040.4,949.1,3.1,37.3
2016-11-21 12:10:00,887.2,1045.8,784.2,718.7,1052.2,926.5,3.2,35.7
2016-11-21 13:10:00,868.5,1001.9,780.0,715.3,1006.6,907.2,3.1,33.9
2016-11-21 14:10:00,974.5,1055.3,782.3,772.2,1061.2,957.5,3.2,36.2
2016-11-21 15:10:00,956.0,1050.3,799.2,771.0,1052.0,953.1,3.6,36.3
2016-11-21 16:10:00,963.5,1056.0,811.9,783.3,1043.1,945.6,3.4,37.2
2016-11-21 17:10:00,975.9,1074.1,816.5,780.0,1050.8,952.2,3.5,40.3
2016-11-21 18:10:00,975.5,1073.3,856.3,802.4,1056.5,975.1,4.7,42.2
2016-11-21 19:10:00,955.0,1043.7,803.0,773.4,1052.9,957.3,4.7,41.2
2016-11-21 20:10:00,953.6,1014.8,743.7,763.0,1060.6,944.1,3.9,39.9
2016-11-21 21:10:00,907.0,972.5,742.0,729.4,1005.7,917.2,4.0,39.6
2016-11-21 22:10:00,828.8,915.5,734.9,691.1,964.6,888.3,3.8,37.2
2016-11-21 23:10:00,780.0,860.9,692.3,675.0,951.7,858.7,3.8,33.1
2016-11-22 00:10:00,748.4,795.5,580.8,644.9,948.9,809.8,3.3,31.2
2016-11-22 01:10:00,768.4,748.4,517.0,618.6,889.2,782.0,3.7,29.3
2016-11-22 02:10:00,734.3,730.1,492.4,604.2,890.3,757.6,3.7,28.8
2016-11-22 03:10:00,718.5,709.4,488.7,603.3,887.6,757.9,3.5,27.6
2016-11-22 04:10:00,687.9,692.6,488.4,595.2,885.0,749.4,3.5,27.5
2016-11-22 05:10:00,668.7,693.2,489.5,597.2,897.3,740.9,3.7,28.1
2016-11-22 06:10:00,716.6,737.2,513.0,608.2,883.8,742.5,3.5,29.0
2016-11-22 07:10:00,756.3,779.3,538.8,624.3,900.0,765.7,3.7,29.6
2016-11-22 08:10:00,833.8,876.6,678.1,685.0,894.2,816.6,3.4,31.4
2016-11-22 09:10:00,950.8,1007.7,764.4,750.2,979.4,904.6,3.9,35.9
2016-11-22 10:10:00,924.7,1049.6,783.9,761.4,1057.3,922.3,3.5,36.0
2016-11-22 11:10:00,957.0,1096.8,815.9,781.4,1076.1,937.6,4.0,37.4
2016-11-22 12:10:00,910.7,1071.9,801.9,730.2,1050.1,928.5,3.9,36.1
2016-11-22 13:10:00,876.0,1015.8,776.6,720.6,993.7,879.4,3.8,34.2
2016-11-22 14:10:00,944.1,1076.7,804.0,770.6,1052.1,921.1,4.2,35.9
2016-11-22 15:10:00,958.0,1080.2,806.8,776.3,1065.0,940.2,4.1,37.2
2016-11-22 16:10:00,971.8,1085.7,815.4,785.8,1058.7,942.1,5.6,37.9
2016-11-22 17:10:00,971.7,1093.0,831.4,778.8,1057.6,954.2,5.4,40.0
2016-11-22 18:10:00,982.4,1090.5,852.2,794.4,1063.8,979.6,6.9,40.8
2016-11-22 19:10:00,938.6,1063.4,836.9,786.1,1067.0,959.4,6.8,40.4
2016-11-22 20:10:00,919.2,1028.1,793.9,743.5,1039.9,944.7,3.3,39.9
2016-11-22 21:10:00,900.2,988.0,746.1,721.5,1013.9,915.8,3.6,38.5
2016-11-22 22:10:00,820.3,916.2,742.5,675.2,950.4,888.9,3.4,36.3
2016-11-22 23:10:00,773.4,863.9,706.4,668.4,940.6,857.3,3.3,34.1
2016-11-23 00:10:00,806.5,810.0,534.0,628.6,939.6,813.1,3.3,31.7
2016-11-23 02:10:00,731.8,727.9,494.7,584.6,875.2,763.8,3.4,28.7
2016-11-23 03:10:00,694.8,699.7,492.8,578.6,876.5,761.1,3.6,28.3
2016-11-23 04:10:00,673.1,693.9,494.5,578.6,874.0,744.5,3.4,28.0
2016-11-23 05:10:00,629.9,701.3,499.7,577.8,902.8,728.0,3.5,28.9
2016-11-23 06:10:00,682.6,718.3,516.4,590.1,893.7,757.1,3.3,30.5
2016-11-23 07:10:00,737.4,783.0,547.0,594.3,887.6,768.9,4.8,30.6
2016-11-23 08:10:00,818.8,864.5,655.3,664.5,899.4,818.3,4.3,30.5
2016-11-23 09:10:00,873.5,984.1,793.7,725.8,967.4,895.6,4.3,33.4
2016-11-23 10:10:00,940.1,1030.7,777.2,746.8,1005.0,916.5,5.6,33.9
2016-11-23 11:10:00,954.9,1055.5,789.7,768.6,1043.9,936.3,6.3,34.4
2016-11-23 12:10:00,863.4,1023.1,790.1,710.3,1014.2,905.8,5.2,33.9
2016-11-23 13:10:00,844.5,980.2,742.9,701.4,987.6,867.1,4.9,31.3
2016-11-23 14:10:00,918.6,1030.4,760.7,742.0,1040.2,919.4,5.5,33.0
2016-11-23 15:10:00,913.6,1021.9,762.5,741.5,1026.7,910.2,5.2,34.4
2016-11-23 16:10:00,915.8,1033.1,790.4,750.4,1034.6,927.9,5.0,34.4
2016-11-23 17:10:00,942.3,1038.3,785.3,750.2,1026.8,935.9,6.1,36.1
2016-11-23 18:10:00,958.7,1042.5,798.9,760.6,1036.3,957.2,5.6,39.2
2016-11-23 19:10:00,951.8,1015.3,755.6,752.6,1030.9,936.7,6.1,39.8
2016-11-23 20:10:00,929.8,977.7,699.1,728.9,1032.0,923.3,7.0,38.1
2016-11-23 21:10:00,874.9,952.6,704.0,703.1,1004.5,897.3,6.8,37.1
2016-11-23 22:10:00,822.3,889.9,704.1,670.2,925.7,864.8,7.6,34.7
2016-11-23 23:10:00,775.8,856.0,712.9,658.1,883.3,834.1,7.6,31.3
2016-11-24 00:10:00,701.2,775.5,610.9,610.0,893.0,798.2,7.5,28.8
2016-11-24 01:10:00,683.9,735.7,550.0,592.3,884.0,771.3,7.5,26.1
2016-11-24 02:10:00,631.1,691.2,523.2,572.5,884.5,757.9,7.4,24.6
2016-11-24 03:10:00,597.7,675.5,501.6,568.6,901.4,740.3,7.5,23.7
2016-11-24 04:10:00,589.7,673.7,490.7,551.9,898.6,734.8,5.4,24.1
2016-11-24 05:10:00,617.7,692.1,494.0,569.2,899.7,728.7,4.0,25.3
2016-11-24 06:10:00,678.2,703.1,493.3,580.9,880.8,745.0,3.7,27.0
2016-11-24 07:10:00,756.6,762.1,491.3,600.7,887.2,748.4,3.8,27.7
2016-11-24 08:10:00,840.1,838.9,572.7,647.2,904.9,807.8,3.8,27.6
2016-11-24 09:10:00,865.7,964.7,717.0,698.1,989.3,882.9,4.0,30.3
2016-11-24 10:10:00,868.3,993.2,737.7,711.4,1035.0,908.9,3.8,31.2
2016-11-24 11:10:00,884.3,1006.6,730.0,722.7,1088.4,945.4,4.0,32.0
2016-11-24 12:10:00,816.0,988.4,725.3,674.9,1067.4,918.0,4.1,31.6
2016-11-24 13:10:00,805.7,946.5,695.8,679.1,1046.1,896.4,4.1,29.7
2016-11-24 14:10:00,873.8,998.7,742.5,715.3,1072.0,946.3,4.3,32.4
2016-11-24 15:10:00,904.6,986.4,726.5,720.2,1036.9,932.1,4.0,33.2
2016-11-24 16:10:00,889.8,992.2,749.8,735.3,1042.3,924.5,4.4,34.3
2016-11-24 17:10:00,949.7,1004.5,718.6,728.5,1024.8,928.8,5.0,36.3
2016-11-24 18:10:00,959.2,1013.0,760.1,754.2,1040.0,961.8,7.7,38.0
2016-11-24 19:10:00,945.9,996.1,718.4,745.4,1038.1,926.6,4.1,38.4
2016-11-24 20:10:00,946.0,966.1,701.4,727.0,993.2,915.3,4.9,37.2
2016-11-24 21:10:00,887.5,930.1,702.5,700.6,967.8,896.6,4.9,35.4
2016-11-24 22:10:00,832.7,886.3,714.3,657.2,892.7,868.1,5.2,33.2
2016-11-24 23:10:00,773.8,830.2,696.3,660.2,878.5,831.0,4.9,32.2
2016-11-25 00:10:00,724.8,758.8,599.1,623.3,871.3,787.9,4.6,29.9
2016-11-25 01:10:00,678.0,727.7,551.0,594.5,890.1,773.1,4.5,28.2
2016-11-25 02:10:00,659.4,684.8,512.8,591.8,873.6,747.2,4.5,26.5
2016-11-25 03:10:00,627.4,673.6,511.4,589.0,869.3,724.3,4.7,26.0
2016-11-25 04:10:00,602.0,660.6,480.7,576.6,893.4,717.7,4.8,25.9
2016-11-25 05:10:00,622.8,674.2,476.8,576.6,888.8,716.2,4.5,25.9
2016-11-25 06:10:00,694.7,701.0,469.0,594.5,891.0,738.3,7.2,28.1
2016-11-25 07:10:00,783.6,749.2,486.5,603.8,862.9,754.4,3.6,29.3
2016-11-25 08:10:00,791.6,845.9,627.7,648.2,890.4,789.5,3.5,29.4
2016-11-25 09:10:00,933.1,954.1,692.6,717.5,947.7,874.0,4.7,32.4
2016-11-25 10:10:00,930.7,995.3,748.6,731.8,988.8,912.4,4.9,33.6
2016-11-25 11:10:00,959.7,1036.9,725.4,750.1,1067.4,935.2,5.6,36.0
2016-11-25 12:10:00,860.9,1007.3,726.0,694.3,1058.7,915.7,5.9,34.2
2016-11-25 13:10:00,848.7,971.2,706.2,693.4,1021.6,883.9,5.3,33.4
2016-11-25 14:10:00,932.6,1019.2,734.9,744.2,1062.3,937.2,5.7,34.9
2016-11-25 15:10:00,933.1,1015.1,732.5,749.7,1060.7,931.0,5.7,36.1
2016-11-25 16:10:00,932.2,1016.8,758.3,756.1,1035.1,922.6,5.6,35.8
2016-11-25 17:10:00,961.6,1033.3,753.6,761.5,1029.9,916.1,5.6,39.7
2016-11-25 18:10:00,968.6,1033.8,783.1,781.5,1035.0,935.9,5.9,41.4
2016-11-25 19:10:00,967.7,999.3,727.6,761.9,1025.0,924.7,6.0,40.4
2016-11-25 20:10:00,949.1,966.4,695.0,752.7,1013.1,904.7,5.9,39.2
2016-11-25 21:10:00,881.3,936.9,706.1,729.7,991.5,879.8,6.0,38.4
2016-11-25 22:10:00,860.3,886.2,705.8,680.4,891.6,860.4,5.4,36.1
2016-11-25 23:10:00,807.8,847.2,676.7,673.0,888.3,822.6,5.1,35.2
2016-11-26 00:10:00,783.1,796.2,623.6,634.3,856.7,805.1,4.9,32.6
2016-11-26 01:10:00,738.0,727.9,536.7,632.5,878.8,768.1,5.3,30.4
2016-11-26 02:10:00,693.7,708.8,483.7,597.3,886.8,734.2,5.2,29.1
2016-11-26 03:10:00,692.0,679.6,454.7,586.5,870.4,727.3,5.0,28.6
2016-11-26 04:10:00,686.4,668.6,449.5,590.8,857.9,711.6,5.2,28.0
2016-11-26 05:10:00,690.9,680.6,441.4,584.4,880.7,724.9,5.3,28.4
2016-11-26 06:10:00,686.3,676.2,435.3,583.1,888.0,730.0,8.4,28.7
2016-11-26 07:10:00,739.5,694.9,415.6,596.1,885.8,724.5,4.7,30.3
2016-11-26 08:10:00,779.5,739.6,470.5,622.7,891.4,751.2,4.9,32.7
2016-11-26 09:10:00,813.5,799.6,566.5,665.8,914.8,800.2,4.9,34.2
2016-11-26 10:10:00,812.4,857.3,609.0,665.1,973.1,841.5,4.3,34.8
2016-11-26 11:10:00,797.5,899.1,634.6,674.7,1031.9,857.3,5.3,38.2
2016-11-26 12:10:00,774.7,891.9,617.6,659.6,1009.4,819.4,5.3,36.2
2016-11-26 13:10:00,747.5,875.2,622.8,655.1,1008.0,817.3,5.6,36.3
2016-11-26 14:10:00,758.6,870.8,624.7,669.6,1010.6,822.6,5.4,36.3
2016-11-26 15:10:00,767.0,872.6,618.5,651.0,999.9,829.4,5.3,37.7
2016-11-26 16:10:00,771.1,872.1,623.0,668.9,1014.4,835.6,5.6,37.5
2016-11-26 17:10:00,812.3,895.5,628.3,687.4,1031.7,854.3,5.4,40.5
2016-11-26 18:10:00,813.3,905.4,672.5,693.2,1036.1,888.9,8.3,42.8
2016-11-26 19:10:00,818.1,898.9,626.4,685.6,1033.8,860.6,8.3,41.5
2016-11-26 20:10:00,824.7,885.8,626.2,675.7,997.2,853.7,8.0,40.9
2016-11-26 21:10:00,839.6,872.5,620.4,665.2,948.7,837.2,6.5,40.2
2016-11-26 22:10:00,791.9,827.1,611.9,634.9,913.2,821.7,6.0,39.3
2016-11-26 23:10:00,738.4,793.3,595.7,605.2,881.5,785.0,5.3,37.4
2016-11-27 00:10:00,739.2,747.4,518.5,598.2,873.2,755.2,4.9,35.1
2016-11-27 01:10:00,709.3,695.0,435.6,550.4,854.2,726.8,5.6,32.5
2016-11-27 02:10:00,650.6,654.5,403.0,540.9,871.4,705.6,5.9,30.0
2016-11-27 03:10:00,604.7,639.9,408.4,545.9,876.5,680.4,6.2,29.6
2016-11-27 04:10:00,589.3,640.2,413.1,531.4,864.7,672.1,5.6,29.0
2016-11-27 05:10:00,580.9,623.6,410.4,528.4,870.2,685.9,6.0,29.6
2016-11-27 06:10:00,578.1,652.9,444.0,521.9,866.1,690.0,6.0,29.5
2016-11-27 07:10:00,575.8,657.9,467.5,531.2,849.9,678.9,6.0,31.2
2016-11-27 08:10:00,639.9,675.8,505.4,559.6,814.5,696.9,5.6,33.1
2016-11-27 09:10:00,646.9,720.2,541.5,550.0,832.4,722.9,5.6,33.2
2016-11-27 10:10:00,695.3,756.3,553.1,581.4,842.0,725.1,5.4,33.0
2016-11-27 11:10:00,687.8,777.2,595.1,598.2,854.4,732.4,5.3,35.0
2016-11-27 12:10:00,700.0,783.6,596.5,587.6,851.0,747.7,5.5,34.2
2016-11-27 13:10:00,621.5,774.2,596.0,573.9,892.3,733.2,5.3,33.9
2016-11-27 14:10:00,634.5,765.3,589.0,572.1,874.8,731.0,5.2,35.1
2016-11-27 15:10:00,625.2,750.8,595.6,574.5,853.3,720.8,5.7,33.7
2016-11-27 16:10:00,669.2,778.8,615.9,587.7,867.3,758.3,7.4,34.9
2016-11-27 17:10:00,745.2,814.2,625.9,622.3,898.5,802.1,7.7,38.7
2016-11-27 18:10:00,760.6,844.1,688.4,636.1,886.9,824.2,8.9,40.3
2016-11-27 19:10:00,736.9,845.4,676.4,634.6,915.3,818.1,8.9,39.4
2016-11-27 20:10:00,712.5,836.6,698.5,640.8,912.9,813.9,6.3,38.8
2016-11-27 21:10:00,749.5,835.3,661.3,660.2,926.3,809.4,6.4,38.5
2016-11-27 22:10:00,669.5,801.9,663.9,620.0,910.1,792.1,6.5,36.0
2016-11-27 23:10:00,606.1,742.2,630.0,572.0,855.2,751.8,6.6,31.9
2016-11-28 00:10:00,593.2,690.8,558.4,559.7,822.0,700.3,6.3,29.1
2016-11-28 01:10:00,616.3,650.6,472.9,542.0,808.6,683.5,6.4,28.0
2016-11-28 02:10:00,590.3,611.1,436.0,521.6,794.4,667.4,6.3,26.8
2016-11-28 03:10:00,597.7,608.2,410.8,517.8,794.8,654.3,4.8,27.7
2016-11-28 04:10:00,591.6,588.2,372.8,497.4,790.3,647.4,5.5,27.2
2016-11-28 05:10:00,587.4,603.5,385.3,508.4,826.5,665.0,5.8,28.0
2016-11-28 06:10:00,636.6,638.3,419.5,544.2,817.8,668.8,6.1,28.7
2016-11-28 07:10:00,675.4,694.1,465.2,550.7,823.6,695.4,5.5,29.6
2016-11-28 08:10:00,760.1,778.6,563.8,605.5,839.4,757.1,8.6,30.8
2016-11-28 09:10:00,901.9,912.4,641.6,687.9,930.3,844.2,4.8,34.2
2016-11-28 09:30:00,903.4,946.8,630.3,701.2,992.9,848.9,5.0,34.7
2016-11-28 11:10:00,919.0,975.2,642.0,713.4,1032.6,874.0,5.1,35.9
2016-11-28 12:10:00,814.0,943.7,650.6,654.8,1032.9,869.5,5.3,34.7
2016-11-28 13:10:00,771.0,906.0,635.2,650.2,1019.3,844.5,7.2,31.9
2016-11-28 14:10:00,844.0,953.1,649.6,699.2,1074.4,890.0,7.6,33.2
2016-11-28 15:10:00,861.1,955.7,635.7,711.1,1076.7,877.7,5.2,34.2
2016-11-28 16:10:00,869.1,958.7,675.3,724.9,1056.6,886.8,5.2,35.8
2016-11-28 17:10:00,877.7,978.2,695.5,719.8,1053.0,894.6,5.3,38.8
2016-11-28 18:10:00,946.1,988.2,706.0,743.5,1046.5,932.9,7.2,41.2
2016-11-28 19:10:00,926.2,963.4,667.7,728.6,1047.9,917.8,7.7,39.7
2016-11-28 20:10:00,902.0,937.2,643.2,716.8,1033.4,891.1,5.9,39.5
2016-11-28 21:10:00,852.9,899.1,642.0,696.2,990.6,858.3,7.0,38.7
2016-11-28 22:10:00,814.5,855.3,640.9,658.4,930.1,843.2,7.3,36.0
2016-11-28 23:10:00,771.6,821.5,627.5,652.7,902.6,803.4,9.0,33.1
2016-11-29 00:10:00,722.2,755.6,554.7,614.5,886.7,768.4,5.9,31.1
2016-11-29 01:10:00,711.6,698.0,477.9,594.8,864.1,737.3,5.7,29.1
2016-11-29 02:10:00,667.3,680.5,450.8,572.0,858.0,701.4,5.8,28.0
2016-11-29 03:10:00,676.5,655.0,426.5,579.1,854.7,701.9,5.4,27.0
2016-11-29 04:10:00,675.2,652.1,402.0,569.3,857.5,691.6,5.7,27.4
2016-11-29 05:10:00,671.2,659.4,406.1,559.5,854.7,691.0,5.7,27.8
2016-11-29 06:10:00,671.5,691.0,420.8,577.9,921.1,720.4,5.5,29.7
2016-11-29 07:10:00,692.0,738.2,464.5,591.4,931.6,732.7,4.9,30.7
2016-11-29 08:10:00,715.0,819.9,628.2,649.8,941.8,787.7,4.9,32.6
2016-11-29 09:10:00,892.0,937.2,690.2,717.0,953.8,852.6,5.2,34.4
2016-11-29 10:10:00,910.8,961.3,688.4,742.2,1018.6,883.3,4.7,35.5
2016-11-29 11:10:00,936.3,998.4,691.6,754.6,1054.8,897.2,5.0,37.6
2016-11-29 12:10:00,864.5,973.1,687.0,722.5,1030.2,856.1,5.4,35.6
2016-11-29 13:10:00,839.9,935.2,672.5,701.3,992.2,839.9,5.0,33.2
2016-11-29 14:10:00,882.2,987.9,732.6,761.9,1060.0,895.5,5.4,34.9
2016-11-29 15:10:00,888.6,980.0,744.7,758.1,1022.4,887.6,5.1,35.2
2016-11-29 16:10:00,888.1,987.1,750.9,771.2,1028.3,877.6,5.2,36.5
2016-11-29 17:10:00,918.2,1001.8,759.9,771.5,1031.4,902.3,5.3,39.1
2016-11-29 18:10:00,953.4,1015.3,768.7,784.3,1034.6,923.9,7.6,40.8
2016-11-29 19:10:00,927.7,990.6,749.6,770.1,1021.4,905.1,7.8,40.8
2016-11-29 20:10:00,963.3,969.4,740.5,757.2,936.7,881.1,7.4,40.3
2016-11-29 21:10:00,962.3,941.5,694.4,736.2,924.4,871.8,7.5,39.0
2016-11-29 22:10:00,861.0,893.3,658.0,685.1,932.1,843.0,7.5,37.2
2016-11-29 23:10:00,807.4,843.2,604.4,673.6,943.6,810.0,6.4,35.0
2016-11-30 00:10:00,780.7,776.9,512.6,631.3,916.9,775.3,5.4,32.1
2016-11-30 01:10:00,718.5,729.4,484.5,621.7,909.2,735.2,5.3,31.1
2016-11-30 02:10:00,696.2,689.7,454.8,606.4,884.0,715.7,5.7,29.0
2016-11-30 03:10:00,642.3,678.2,446.9,592.0,905.2,701.4,5.5,28.4
2016-11-30 04:10:00,620.9,672.9,457.4,575.8,883.4,690.5,5.6,27.9
2016-11-30 05:10:00,618.4,670.8,453.9,587.4,906.8,698.6,5.9,28.2
2016-11-30 06:10:00,704.5,692.1,446.2,612.0,886.4,708.0,5.4,30.5
2016-11-30 07:10:00,731.7,751.7,511.4,618.3,896.6,744.6,5.9,30.9
2016-11-30 08:10:00,804.2,842.7,622.7,667.4,882.7,774.1,5.5,30.9
2016-11-30 09:10:00,903.7,950.7,720.4,729.3,942.7,857.9,5.8,34.7
2016-11-30 10:10:00,905.4,996.7,740.1,742.5,985.5,863.4,5.5,33.9
2016-11-30 11:10:00,894.1,1025.9,784.5,761.0,1023.2,884.4,5.7,36.3
2016-11-30 12:10:00,861.9,1015.1,755.6,714.9,982.4,840.6,5.2,34.4
2016-11-30 13:10:00,831.1,972.2,743.5,705.6,960.9,830.3,5.5,32.8
2016-11-30 14:10:00,906.0,1034.0,770.4,754.3,1023.3,882.0,5.7,35.1
2016-11-30 15:10:00,890.6,1018.4,773.6,751.9,1008.1,872.5,5.5,35.0
2016-11-30 16:10:00,896.0,1023.5,785.4,767.5,1031.5,892.5,5.8,35.3
2016-11-30 17:10:00,921.1,1035.3,795.5,753.4,1003.8,901.9,8.1,38.0
2016-11-30 18:10:00,918.8,1048.3,829.9,764.8,1033.4,936.6,8.2,40.6
2016-11-30 19:10:00,923.0,1016.1,765.7,746.6,1018.3,911.8,8.3,40.9
2016-11-30 20:10:00,921.5,990.5,718.7,731.9,999.9,886.3,8.2,39.5
2016-11-30 21:10:00,907.0,956.4,673.6,718.3,990.4,863.2,5.9,38.8
2016-11-30 22:10:00,854.0,889.5,672.6,689.9,928.3,844.4,5.4,36.6
2016-11-30 23:10:00,837.1,845.3,601.2,673.8,920.0,808.8,5.6,36.1
2016-12-01 00:10:00,777.2,789.4,526.2,634.8,910.5,762.8,5.4,32.4
2016-12-01 01:10:00,743.6,740.3,455.3,608.9,905.1,729.6,5.6,30.8
2016-12-01 02:10:00,681.8,709.0,457.5,592.5,892.6,706.6,5.6,29.4
2016-12-01 03:10:00,659.7,698.1,457.5,588.8,892.0,699.6,5.5,28.3
2016-12-01 04:10:00,649.1,684.7,449.2,583.9,883.5,689.4,5.2,29.1
2016-12-01 05:10:00,654.7,687.4,418.3,585.3,914.4,690.8,5.3,29.1
2016-12-01 06:10:00,708.2,710.2,446.6,607.6,894.4,706.4,5.4,30.4
2016-12-01 07:10:00,768.2,763.3,468.8,614.0,901.4,734.6,5.3,31.9
2016-12-01 08:10:00,802.6,853.5,608.1,650.8,891.5,771.2,5.0,31.9
2016-12-01 09:10:00,894.5,976.1,702.4,704.2,960.6,847.6,5.4,34.9
2016-12-01 10:10:00,903.3,1011.7,705.6,726.3,1038.8,879.0,5.1,35.8
2016-12-01 11:10:00,906.9,1020.7,716.3,729.3,1051.4,893.7,5.2,36.0
2016-12-01 12:10:00,855.9,1000.8,695.9,679.8,1034.5,876.2,5.1,34.5
2016-12-01 13:10:00,818.3,946.3,663.3,664.5,1027.3,869.6,4.8,33.3
2016-12-01 14:10:00,891.7,999.4,700.1,704.3,1050.0,907.9,5.0,35.3
2016-12-01 15:10:00,882.4,994.3,707.6,690.9,1042.2,917.0,6.0,35.9
2016-12-01 16:10:00,888.4,995.1,755.1,720.1,1027.2,925.0,6.0,36.4
2016-12-01 17:10:00,886.8,1021.1,734.3,698.1,1074.5,943.5,5.6,38.5
2016-12-01 18:10:00,882.6,1012.9,768.4,714.3,1080.1,969.6,6.0,40.4
2016-12-01 19:10:00,868.5,987.9,748.0,696.7,1049.3,949.0,7.7,39.8
2016-12-01 20:10:00,871.4,961.9,699.3,674.5,1020.8,924.4,7.8,38.5
2016-12-01 21:10:00,881.9,945.5,690.9,656.6,972.0,911.4,7.2,38.4
2016-12-01 22:10:00,758.3,882.6,672.5,617.2,977.7,880.0,7.9,36.5
2016-12-01 23:10:00,696.2,843.3,668.0,620.2,969.4,842.3,6.1,33.8
2016-12-02 00:10:00,670.8,771.2,556.6,574.3,930.5,787.1,5.4,30.8
2016-12-02 01:10:00,612.9,711.6,512.8,553.0,923.0,760.4,5.5,29.2
2016-12-02 02:10:00,588.8,693.6,488.5,534.3,922.4,750.1,5.6,27.4
2016-12-02 03:10:00,584.0,663.2,457.8,535.8,914.1,732.9,4.6,28.5
2016-12-02 04:10:00,580.4,661.1,458.1,524.9,907.1,737.2,5.2,27.6
2016-12-02 05:10:00,630.0,671.9,410.2,528.7,919.4,735.6,4.9,28.4
2016-12-02 06:10:00,707.0,696.5,382.4,540.4,929.6,757.1,5.1,30.1
2016-12-02 07:10:00,783.1,740.6,387.5,566.4,926.1,765.0,6.2,30.9
2016-12-02 08:10:00,850.2,818.0,531.1,619.7,883.5,800.9,5.0,31.2
2016-12-02 09:10:00,850.0,942.8,688.2,671.5,996.4,891.4,5.3,34.3
2016-12-02 10:10:00,848.2,971.1,688.7,677.5,1047.2,906.5,5.2,34.2
2016-12-02 11:10:00,853.0,999.1,693.5,690.6,1108.2,936.1,5.1,33.9
2016-12-02 12:10:00,803.3,978.3,664.2,646.2,1104.6,920.2,5.6,33.1
2016-12-02 13:10:00,810.1,931.4,630.9,649.9,1056.1,889.7,5.4,31.5
2016-12-02 14:10:00,893.4,983.6,663.2,698.0,1081.4,928.1,5.5,33.8
2016-12-02 15:10:00,925.8,991.8,676.4,705.3,1067.3,942.4,5.3,35.3
2016-12-02 16:10:00,918.4,988.7,666.4,704.6,1068.4,930.6,5.4,34.8
2016-12-02 17:10:00,932.1,1011.2,683.3,696.2,1057.4,932.8,5.3,37.8
2016-12-02 18:10:00,945.7,1004.8,697.3,709.1,1063.5,957.1,5.2,40.6
2016-12-02 19:10:00,881.0,986.1,706.8,680.4,1051.2,937.3,5.1,40.3
2016-12-02 20:10:00,857.6,950.2,672.4,666.3,1036.5,915.9,5.4,39.5
2016-12-02 21:10:00,840.7,922.8,619.8,644.6,1033.6,893.5,5.4,38.6
2016-12-02 22:10:00,840.5,875.6,589.3,630.7,978.0,870.8,5.5,36.1
2016-12-02 23:10:00,770.9,838.1,587.5,630.0,970.1,831.3,5.4,34.7
2016-12-03 00:10:00,744.9,783.4,522.2,595.0,941.7,803.0,5.1,32.3
2016-12-03 01:10:00,735.5,734.7,431.7,570.6,943.3,781.3,6.9,30.7
2016-12-03 02:10:00,680.1,692.2,403.0,539.5,924.8,754.9,6.9,28.2
2016-12-03 03:10:00,664.9,683.9,388.9,529.2,936.1,755.1,6.8,28.5
2016-12-03 04:10:00,656.0,673.6,383.0,530.2,920.2,733.3,5.4,27.6
2016-12-03 05:10:00,649.6,657.8,380.6,533.1,919.7,736.2,5.2,28.0
2016-12-03 06:10:00,686.0,685.0,377.0,549.0,931.9,736.4,5.0,29.4
2016-12-03 07:10:00,701.3,706.6,387.5,554.5,936.2,739.3,5.0,29.6
2016-12-03 08:10:00,689.9,739.6,512.4,574.4,926.6,787.6,4.7,32.1
2016-12-03 09:10:00,755.6,806.8,568.0,627.9,951.0,809.7,4.7,35.0
2016-12-03 10:10:00,700.5,839.2,567.7,654.7,1071.1,815.2,5.1,35.4
2016-12-03 11:10:00,729.2,869.9,599.5,660.2,1077.1,844.2,5.0,36.5
2016-12-03 12:10:00,728.6,852.7,584.6,636.1,1052.3,846.4,4.8,35.1
2016-12-03 13:10:00,714.4,845.6,569.0,627.4,1036.5,816.3,4.9,35.4
2016-12-03 14:10:00,726.1,851.4,591.0,649.0,1061.4,847.8,5.0,35.3
2016-12-03 15:10:00,729.7,843.1,589.8,646.6,1046.4,844.3,4.7,36.6
2016-12-03 16:10:00,730.0,855.2,589.0,652.6,1050.5,830.0,5.0,36.7
2016-12-03 17:10:00,748.1,876.2,593.3,639.3,1063.6,855.2,4.8,39.2
2016-12-03 18:10:00,835.0,912.3,629.3,667.8,1060.7,909.9,6.8,41.8
2016-12-03 19:10:00,821.1,898.5,627.6,676.2,1030.8,871.9,7.2,40.0
2016-12-03 20:10:00,834.4,890.6,630.6,658.5,985.5,869.0,7.0,39.4
2016-12-03 21:10:00,833.4,874.9,613.6,651.4,972.4,860.8,6.7,38.9
2016-12-03 22:10:00,807.4,846.2,607.3,631.8,920.9,828.2,7.2,36.7
2016-12-03 23:10:00,740.2,804.4,592.3,601.6,897.1,794.0,5.3,35.0
2016-12-04 00:10:00,695.6,755.5,535.6,593.0,903.2,758.5,5.1,32.4
2016-12-04 01:10:00,695.4,721.2,464.6,569.2,889.6,733.2,4.7,30.6
2016-12-04 02:10:00,663.8,676.4,408.7,552.8,895.4,713.9,4.7,29.5
2016-12-04 03:10:00,670.8,659.9,378.2,539.7,873.6,699.0,4.5,28.6
2016-12-04 04:10:00,617.5,642.4,388.8,543.3,879.8,677.4,5.0,28.1
2016-12-04 05:10:00,615.4,643.2,388.6,543.9,899.9,693.3,5.0,28.5
2016-12-04 06:10:00,627.5,646.2,390.7,541.5,884.9,690.0,4.9,30.3
2016-12-04 07:10:00,655.6,666.7,390.7,532.2,864.8,687.2,4.7,29.8
2016-12-04 08:10:00,623.0,688.4,463.3,546.5,874.2,700.2,5.0,30.3
2016-12-04 09:10:00,613.5,741.5,538.2,554.2,897.2,726.4,5.0,31.9
2016-12-04 10:10:00,614.8,777.4,600.7,561.1,909.8,758.0,5.1,34.0
2016-12-04 11:10:00,682.7,805.1,586.8,577.1,926.1,783.4,4.9,34.9
2016-12-04 12:10:00,654.2,814.7,587.0,561.0,942.9,777.8,4.6,35.2
2016-12-04 13:10:00,657.0,798.2,584.0,573.0,931.2,770.5,5.0,35.4
2016-12-04 14:10:00,667.2,792.3,579.8,561.2,915.4,778.7,4.7,34.9
2016-12-04 15:10:00,644.2,789.7,581.1,572.6,934.8,766.9,4.9,35.8
2016-12-04 16:10:00,694.7,797.5,583.6,574.5,901.9,777.2,4.6,35.7
2016-12-04 17:10:00,719.4,844.4,647.7,599.1,906.8,800.7,8.6,38.1
2016-12-04 18:10:00,773.7,886.7,699.5,636.0,930.7,848.7,8.2,40.7
2016-12-04 19:10:00,761.1,871.7,691.9,647.7,938.4,840.8,8.6,39.9
2016-12-04 20:10:00,747.4,880.2,707.1,642.7,928.9,828.7,8.0,39.7
2016-12-04 21:10:00,748.4,877.8,686.7,631.7,941.8,836.1,8.1,39.4
2016-12-04 22:10:00,740.6,842.5,636.1,616.9,934.0,822.1,8.4,37.5
2016-12-04 23:10:00,664.2,780.5,589.1,583.7,917.5,777.2,5.1,34.5
2016-12-05 00:10:00,674.9,724.9,484.4,565.2,914.0,754.8,4.9,33.2
2016-12-05 01:10:00,655.1,674.4,420.9,557.2,895.5,713.6,4.9,31.1
2016-12-05 02:10:00,643.6,656.1,370.7,529.4,897.4,700.8,4.8,30.0
2016-12-05 03:10:00,609.4,633.5,372.0,532.6,891.8,682.6,4.7,29.2
2016-12-05 04:10:00,607.4,629.8,372.7,524.8,877.9,679.7,4.8,28.6
2016-12-05 05:10:00,595.6,632.9,376.0,512.9,879.1,681.0,5.0,29.0
2016-12-05 06:10:00,673.5,674.8,375.3,530.1,887.7,706.0,4.8,30.5
2016-12-05 07:10:00,748.6,723.7,372.3,542.8,894.3,721.9,4.5,31.3
2016-12-05 08:10:00,785.3,843.7,560.5,613.1,940.6,800.8,4.3,33.2
2016-12-05 09:10:00,891.4,964.0,675.7,696.8,1009.7,885.7,4.9,35.4
2016-12-05 10:10:00,885.4,1001.2,679.0,705.3,1102.9,930.1,4.6,35.3
2016-12-05 11:10:00,901.3,1039.7,715.7,715.5,1123.8,953.7,4.8,36.6
2016-12-05 12:10:00,861.7,1006.9,672.7,668.5,1103.3,928.7,4.7,38.3
2016-12-05 13:10:00,832.7,972.9,663.3,668.3,1086.8,911.0,4.8,35.3
2016-12-05 14:10:00,911.4,1017.6,693.4,711.1,1108.9,952.2,4.6,37.4
2016-12-05 15:10:00,902.0,1014.1,708.6,709.7,1108.0,961.3,5.0,38.5
2016-12-05 16:10:00,927.7,1010.9,698.4,709.4,1093.0,964.9,4.7,38.7
2016-12-05 17:10:00,931.8,1029.9,726.5,726.1,1094.7,960.4,4.9,41.6
2016-12-05 18:10:00,962.6,1031.5,743.2,740.7,1080.0,980.4,8.7,41.8
2016-12-05 19:10:00,961.0,1001.5,688.6,737.8,1070.3,948.0,8.6,41.3
2016-12-05 20:10:00,941.6,982.0,636.8,713.5,1079.1,930.0,8.7,40.7
2016-12-05 21:10:00,917.5,944.2,621.5,680.2,1030.6,910.3,5.1,40.0
2016-12-05 22:10:00,896.3,892.7,593.8,654.3,967.5,876.8,5.0,38.9
2016-12-05 23:10:00,851.5,845.9,583.2,633.2,922.3,847.5,5.2,35.5
2016-12-06 00:10:00,807.4,788.1,468.7,587.1,925.6,798.0,4.5,32.9
2016-12-06 01:10:00,770.5,744.3,403.9,557.1,923.9,770.1,4.4,31.2
2016-12-06 02:10:00,729.7,687.0,383.2,545.0,912.3,768.6,4.7,29.3
2016-12-06 03:10:00,673.7,677.6,371.7,530.3,929.1,742.9,4.6,28.4
2016-12-06 04:10:00,653.5,671.7,373.4,535.7,932.7,728.0,4.7,28.8
2016-12-06 05:10:00,664.6,676.6,364.9,524.4,936.7,740.6,4.6,29.2
2016-12-06 06:10:00,686.9,687.4,393.4,537.3,929.2,758.8,4.7,30.6
2016-12-06 07:10:00,722.3,750.9,447.2,566.2,943.6,769.7,4.8,31.3
2016-12-06 08:10:00,767.2,830.8,545.3,609.5,966.5,810.7,4.5,32.5
2016-12-06 09:10:00,903.7,963.9,628.2,684.4,1038.3,890.5,4.3,35.7
2016-12-06 10:10:00,880.5,979.5,642.5,674.6,1079.9,918.3,4.3,34.8
2016-12-06 11:10:00,882.4,1001.9,663.3,692.9,1121.0,941.3,4.2,34.9
2016-12-06 12:10:00,796.5,979.2,663.4,639.2,1107.1,918.2,4.2,34.6
2016-12-06 13:10:00,783.0,940.3,639.8,641.7,1084.8,896.5,3.8,32.9
2016-12-06 14:10:00,857.9,980.8,660.6,688.2,1114.0,933.3,4.2,34.5
2016-12-06 15:10:00,879.3,984.1,694.6,697.8,1076.0,936.2,3.8,35.7
2016-12-06 16:10:00,878.8,995.5,699.9,701.1,1097.3,946.9,3.9,36.4
2016-12-06 17:10:00,882.9,1024.0,719.9,690.4,1106.3,960.9,6.0,39.8
2016-12-06 18:10:00,900.0,1016.7,746.5,716.9,1099.8,980.4,7.4,39.7
2016-12-06 19:10:00,866.8,990.8,723.5,703.1,1095.2,958.5,4.7,37.7
2016-12-06 20:10:00,865.5,970.6,675.4,693.3,1095.4,937.5,4.9,39.8
2016-12-06 21:10:00,861.3,937.3,642.6,659.5,1042.3,914.8,4.6,39.1
2016-12-06 22:10:00,785.6,884.6,645.1,634.5,1002.6,881.9,4.7,36.9
2016-12-06 23:10:00,735.3,845.0,615.0,614.7,996.1,855.7,4.4,35.5
2016-12-07 00:10:00,713.0,768.6,479.8,578.4,980.8,799.8,4.8,31.6
2016-12-07 01:10:00,713.6,723.6,415.6,550.8,951.2,781.4,4.1,28.7
2016-12-07 02:10:00,698.5,687.4,357.3,556.6,967.6,754.9,4.0,28.5
2016-12-07 03:10:00,688.2,670.7,333.6,539.3,954.1,742.2,4.3,28.0
2016-12-07 04:10:00,682.6,665.1,333.3,539.5,954.1,741.9,4.4,27.9
2016-12-07 05:10:00,692.8,671.3,334.4,539.8,952.3,744.7,4.4,28.1
2016-12-07 06:10:00,746.2,688.5,343.9,568.2,956.0,764.4,4.6,29.6
2016-12-07 07:10:00,747.8,756.2,414.5,584.6,974.8,770.2,4.5,30.6
2016-12-07 08:10:00,741.3,839.4,606.1,627.7,959.0,810.7,3.9,32.4
2016-12-07 09:10:00,836.1,954.6,692.3,693.0,1046.8,895.6,3.9,35.9
2016-12-07 10:10:00,813.0,982.2,685.3,688.9,1103.5,899.1,4.1,35.7
2016-12-07 11:10:00,849.7,999.7,693.6,704.6,1113.9,921.4,3.9,35.4
2016-12-07 12:10:00,816.8,989.8,636.7,658.8,1133.6,908.2,4.6,35.0
2016-12-07 13:10:00,796.6,943.6,636.6,649.4,1066.6,879.1,4.4,32.0
2016-12-07 14:10:00,855.3,1007.8,690.9,689.7,1116.9,935.6,4.3,34.2
2016-12-07 15:10:00,847.6,992.8,703.7,700.8,1124.6,952.2,4.6,34.8
2016-12-07 16:10:00,846.9,996.2,732.5,708.4,1101.7,944.7,4.6,36.4
2016-12-07 17:10:00,853.5,1012.2,750.7,711.2,1114.8,961.0,4.5,39.1
2016-12-07 18:10:00,861.2,1024.7,829.5,750.1,1093.7,973.6,4.6,40.6
2016-12-07 19:10:00,907.4,1006.2,720.1,729.2,1092.2,947.8,4.3,40.8
2016-12-07 20:10:00,901.3,965.6,694.0,718.4,1049.1,924.1,4.3,40.6
2016-12-07 21:10:00,909.8,948.1,698.9,696.1,974.6,903.8,4.7,40.1
2016-12-07 22:10:00,861.0,891.3,673.8,669.0,915.9,858.0,4.5,36.9
2016-12-07 23:10:00,816.9,846.4,655.1,659.3,900.1,835.5,4.7,35.5
2016-12-08 00:10:00,816.0,773.3,498.5,610.0,898.4,801.4,4.2,32.4
2016-12-08 01:10:00,756.1,722.0,438.2,575.7,894.5,765.8,4.3,29.6
2016-12-08 02:10:00,760.7,693.8,374.3,579.0,903.3,740.7,4.1,29.0
2016-12-08 03:10:00,757.2,677.2,329.0,569.2,911.5,727.4,4.5,28.4
2016-12-08 04:10:00,742.1,661.0,338.1,558.9,886.8,723.5,4.4,28.0
2016-12-08 05:10:00,733.8,674.3,341.7,569.5,911.3,718.9,4.2,28.3
2016-12-08 06:10:00,758.7,710.0,339.5,560.4,939.3,740.0,4.0,31.1
2016-12-08 07:10:00,795.4,753.1,367.9,589.4,950.3,743.8,4.0,31.2
2016-12-08 08:10:00,804.9,829.5,546.8,633.4,924.5,785.3,3.9,31.9
2016-12-08 09:10:00,853.6,955.0,693.7,692.6,1007.1,876.5,4.4,34.7
2016-12-08 10:10:00,851.2,992.3,695.2,694.8,1078.9,906.8,4.2,35.6
2016-12-08 11:10:00,861.0,1018.5,697.0,689.8,1120.3,937.8,2.8,35.1
2016-12-08 12:10:00,812.5,993.3,695.6,651.6,1086.0,917.8,2.7,34.0
2016-12-08 13:10:00,793.3,953.0,680.8,657.5,1053.9,888.4,2.6,31.7
2016-12-08 14:10:00,874.9,1003.7,694.8,698.2,1104.7,940.8,2.8,34.5
2016-12-08 15:10:00,856.1,1000.8,711.1,694.4,1096.6,935.6,3.1,36.1
2016-12-08 16:10:00,856.2,1008.2,745.2,717.1,1094.1,937.7,4.1,36.5
2016-12-08 17:10:00,878.6,1020.0,745.8,705.6,1079.5,943.7,4.0,38.6
2016-12-08 18:10:00,904.5,1037.7,778.9,754.4,1103.1,958.2,4.3,40.4
2016-12-08 19:10:00,904.2,1005.8,727.6,741.4,1077.0,925.8,3.9,39.6
2016-12-08 20:10:00,904.0,966.3,659.8,725.1,1077.4,913.1,2.9,39.6
2016-12-08 21:10:00,907.2,952.4,646.4,688.5,1005.6,883.1,2.6,37.7
2016-12-08 22:10:00,858.8,900.2,642.3,663.1,950.6,854.1,2.4,36.8
2016-12-08 23:10:00,820.9,849.1,586.9,652.3,940.5,815.9,2.5,33.4
2016-12-09 00:10:00,767.9,787.7,496.1,602.3,943.5,789.2,2.8,31.0
2016-12-09 01:10:00,755.7,732.8,436.0,590.4,906.0,748.8,3.0,28.7
2016-12-09 02:10:00,736.3,699.5,384.3,573.0,916.2,739.4,2.9,27.8
2016-12-09 03:10:00,699.6,666.0,358.5,556.7,917.9,729.5,3.1,26.8
2016-12-09 04:10:00,685.9,667.5,361.8,532.6,919.8,743.9,3.2,26.6
2016-12-09 05:10:00,689.1,683.3,362.8,545.1,931.3,730.2,3.1,27.8
2016-12-09 06:10:00,721.6,704.2,393.4,566.8,927.5,745.3,3.1,29.3
2016-12-09 07:10:00,771.5,756.9,395.3,575.5,947.3,754.6,2.9,30.1
2016-12-09 08:10:00,791.7,848.0,550.3,628.1,958.4,796.9,2.9,30.3
2016-12-09 09:10:00,871.1,965.7,678.6,685.3,1011.1,879.3,2.9,33.5
2016-12-09 10:10:00,853.4,985.9,681.6,673.7,1077.3,920.9,2.5,34.5
2016-12-09 11:10:00,874.8,1016.5,700.2,696.4,1113.1,943.2,4.1,36.2
2016-12-09 12:10:00,793.4,998.2,679.6,654.1,1121.2,911.4,5.6,36.1
2016-12-09 13:10:00,730.7,949.6,687.3,640.9,1097.0,894.5,4.1,34.2
2016-12-09 14:10:00,814.7,1001.9,718.0,691.3,1135.0,942.4,4.2,36.3
2016-12-09 15:10:00,845.0,998.4,722.7,697.4,1107.0,945.4,4.0,37.5
2016-12-09 16:10:00,853.9,993.9,722.7,714.4,1100.4,935.2,4.1,37.5
2016-12-09 17:10:00,865.4,998.0,714.1,705.1,1094.2,934.3,4.1,40.3
2016-12-09 18:10:00,885.2,1004.6,770.1,735.5,1073.1,950.4,4.2,42.1
2016-12-09 19:10:00,939.0,979.3,667.6,738.0,1058.7,910.9,4.3,41.3
2016-12-09 20:10:00,894.1,937.5,650.3,703.3,1028.3,896.7,4.9,40.2
2016-12-09 21:10:00,908.6,928.1,649.1,683.9,972.6,883.6,5.2,39.9
2016-12-09 22:10:00,865.5,883.9,641.3,654.4,909.3,846.1,4.8,36.5
2016-12-09 23:10:00,827.6,832.2,617.1,655.7,909.6,836.6,5.0,34.7
2016-12-10 00:10:00,810.8,780.8,521.0,622.7,880.2,780.8,4.6,32.3
2016-12-10 01:10:00,748.7,718.8,459.6,599.2,881.5,747.5,4.9,29.3
2016-12-10 02:10:00,715.2,694.2,432.0,576.3,870.6,724.1,4.7,28.1
2016-12-10 03:10:00,713.7,665.2,378.2,571.8,872.1,704.6,5.0,27.5
2016-12-10 04:10:00,727.3,659.2,357.0,556.1,869.2,715.2,4.0,27.1
2016-12-10 05:10:00,725.5,670.3,352.1,558.4,869.9,695.0,4.0,27.8
2016-12-10 06:10:00,693.4,676.0,402.0,582.0,910.3,722.9,4.1,28.9
2016-12-10 07:10:00,702.0,689.2,402.4,568.3,895.2,716.6,3.7,29.1
2016-12-10 08:10:00,706.3,731.1,488.2,596.7,901.3,740.7,3.8,31.1
2016-12-10 09:10:00,680.3,784.7,611.6,636.7,939.6,781.4,4.1,32.8
2016-12-10 10:10:00,713.3,822.0,653.7,645.1,946.3,816.8,4.1,33.5
2016-12-10 11:10:00,746.3,865.2,657.7,637.8,983.1,851.8,3.4,35.6
2016-12-10 12:10:00,718.4,864.4,655.7,637.8,992.3,833.0,3.5,34.7
2016-12-10 13:10:00,678.7,834.2,644.0,624.9,993.7,826.9,3.7,34.1
2016-12-10 14:10:00,718.9,846.0,664.6,640.9,988.9,854.7,3.4,34.1
2016-12-10 15:10:00,710.7,840.0,665.5,635.3,963.7,833.4,3.6,34.8
2016-12-10 16:10:00,704.9,842.1,677.2,627.7,976.1,855.3,3.4,36.5
2016-12-10 17:10:00,743.7,863.4,693.7,637.3,939.1,841.1,3.4,38.2
2016-12-10 18:10:00,859.0,895.1,693.8,675.2,949.1,893.9,4.1,41.8
2016-12-10 19:10:00,854.2,883.9,679.1,668.8,922.6,867.5,4.3,40.0
2016-12-10 20:10:00,857.6,876.2,640.5,645.0,914.1,855.3,4.0,39.5
2016-12-10 21:10:00,817.5,862.4,640.3,641.4,917.1,836.8,3.9,38.2
2016-12-10 22:10:00,790.7,819.8,619.4,627.6,897.4,827.3,3.9,36.7
2016-12-10 23:10:00,718.1,793.6,610.3,603.0,897.0,798.6,4.3,34.4
2016-12-11 00:10:00,700.2,744.5,515.0,573.9,882.8,750.5,3.5,32.6
2016-12-11 01:10:00,672.0,695.3,471.3,559.6,871.3,733.3,3.9,30.2
2016-12-11 02:10:00,646.5,668.2,420.6,526.9,863.7,710.5,3.7,28.9
2016-12-11 03:10:00,635.5,649.7,392.6,534.6,870.1,689.1,3.9,28.8
2016-12-11 04:10:00,608.0,629.4,390.8,519.6,847.5,673.2,4.0,28.1
2016-12-11 05:10:00,629.3,643.8,369.8,527.3,881.4,684.9,3.9,28.3
2016-12-11 06:10:00,670.6,643.2,366.9,534.8,864.8,698.7,4.0,29.7
2016-12-11 07:10:00,707.4,659.5,363.1,523.1,814.7,677.1,3.9,29.5
2016-12-11 08:10:00,700.3,683.3,418.6,527.3,810.4,692.3,3.9,30.3
2016-12-11 09:10:00,677.6,717.7,536.7,536.9,810.0,740.8,3.9,32.7
2016-12-11 10:10:00,640.5,744.8,602.6,543.8,817.6,742.6,4.1,33.7
2016-12-11 11:10:00,670.6,771.9,603.7,552.5,841.5,762.5,4.3,33.2
2016-12-11 12:10:00,661.9,773.1,610.9,555.5,851.2,766.7,4.0,32.8
2016-12-11 13:10:00,621.0,773.4,611.2,554.4,895.3,770.9,4.4,33.2
2016-12-11 14:10:00,616.7,769.5,626.9,557.7,883.2,771.5,4.1,32.3
2016-12-11 15:10:00,634.8,768.1,626.7,570.8,868.3,762.0,4.4,33.2
2016-12-11 16:10:00,649.6,765.8,620.6,574.6,862.6,763.5,4.2,33.1
2016-12-11 17:10:00,715.8,808.7,656.0,603.0,851.7,780.4,4.1,35.6
2016-12-11 18:10:00,725.3,852.6,757.5,622.1,866.3,838.7,4.4,40.0
2016-12-11 19:10:00,713.2,855.1,758.2,614.3,859.5,825.8,4.0,39.6
2016-12-11 20:10:00,718.6,849.6,764.4,641.8,859.0,815.4,4.2,39.4
2016-12-11 21:10:00,741.3,863.9,737.8,647.6,876.1,808.1,4.2,39.7
2016-12-11 22:10:00,730.3,823.4,688.4,622.3,850.0,789.2,4.4,38.2
2016-12-11 23:10:00,698.9,763.2,581.6,584.9,841.1,742.8,4.4,35.1
2016-12-12 00:10:00,672.3,710.8,501.3,545.7,831.1,722.0,4.6,30.8
2016-12-12 01:10:00,672.1,645.3,436.5,543.7,810.3,705.6,4.4,28.6
2016-12-12 02:10:00,620.5,629.8,410.1,523.3,825.6,680.2,4.6,27.5
2016-12-12 03:10:00,619.9,609.8,381.5,516.2,809.8,662.8,4.6,26.9
2016-12-12 04:10:00,637.7,610.7,369.8,509.4,805.3,670.0,4.5,27.1
2016-12-12 05:10:00,653.2,634.0,374.4,520.6,827.9,676.3,4.0,28.6
2016-12-12 06:10:00,643.2,657.2,440.9,539.4,828.5,690.0,4.2,30.1
2016-12-12 07:10:00,710.9,702.8,440.7,558.0,849.7,715.2,4.0,29.4
2016-12-12 08:10:00,793.7,803.9,568.2,622.0,855.9,765.5,3.9,30.3
2016-12-12 09:10:00,899.2,938.0,699.5,685.4,919.3,864.3,4.1,34.5
2016-12-12 10:10:00,858.2,979.5,719.7,696.5,1007.4,878.6,4.2,34.8
2016-12-12 11:10:00,873.9,1015.9,741.0,713.4,1058.0,912.0,4.2,35.7
2016-12-12 12:10:00,879.1,999.0,663.1,667.2,1036.8,881.8,4.2,35.2
2016-12-12 13:10:00,842.8,964.4,670.4,660.8,1006.3,864.0,3.7,34.0
2016-12-12 14:10:00,880.5,1009.5,717.3,713.1,1064.3,908.8,4.1,34.9
2016-12-12 15:10:00,867.7,1005.0,718.4,710.2,1078.4,917.7,4.2,35.7
2016-12-12 16:10:00,895.4,1011.2,733.8,732.4,1049.9,902.9,4.0,36.4
2016-12-12 17:10:00,895.8,1019.6,731.4,725.8,1052.2,899.4,3.9,38.4
2016-12-12 18:10:00,931.4,1030.8,769.6,745.6,1056.4,946.8,7.8,41.9
2016-12-12 19:10:00,924.0,994.0,699.8,726.3,1046.0,917.3,7.8,40.1
2016-12-12 20:10:00,922.2,959.4,629.6,711.7,1048.7,898.2,7.7,38.7
2016-12-12 21:10:00,908.7,930.3,655.4,695.7,960.2,868.2,7.8,37.9
2016-12-12 22:10:00,869.9,888.0,624.9,668.4,936.7,843.6,4.3,35.7
2016-12-12 23:10:00,792.5,847.4,626.5,651.1,925.8,815.5,3.7,34.5
2016-12-13 00:10:00,753.9,791.3,513.5,594.8,928.9,781.6,3.7,32.2
2016-12-13 01:10:00,725.5,729.6,432.8,580.6,921.6,744.7,4.0,28.9
2016-12-13 02:10:00,701.8,700.9,379.1,542.5,920.8,734.2,3.8,28.1
2016-12-13 03:10:00,720.7,687.1,383.1,553.4,894.3,733.0,3.7,28.2
2016-12-13 04:10:00,695.8,663.0,371.1,542.4,865.1,702.4,3.5,27.7
2016-12-13 05:10:00,708.7,674.6,379.8,539.0,880.2,730.2,3.6,28.5
2016-12-13 06:10:00,696.3,703.3,383.6,564.4,942.9,729.2,3.6,29.6
2016-12-13 07:10:00,727.7,755.0,459.3,567.4,956.7,796.0,4.4,29.8
2016-12-13 08:10:00,759.1,837.7,585.1,618.6,961.8,823.1,3.8,30.3
2016-12-13 09:10:00,872.3,950.3,711.5,678.7,975.2,900.6,3.5,32.9
2016-12-13 10:10:00,869.0,993.1,730.5,705.0,1062.5,932.4,3.7,35.2
2016-12-13 11:10:00,893.1,1023.2,749.0,723.0,1096.0,959.5,3.6,36.0
2016-12-13 12:10:00,823.3,990.7,696.3,666.2,1110.5,943.2,3.9,33.9
2016-12-13 13:10:00,814.2,957.9,694.8,670.5,1064.9,916.0,3.6,33.2
2016-12-13 14:10:00,882.6,1024.0,756.2,719.6,1108.2,971.7,3.3,35.1
2016-12-13 15:10:00,895.7,1006.2,737.5,719.0,1072.8,948.8,3.6,35.6
2016-12-13 16:10:00,909.2,1009.6,745.1,724.4,1053.2,940.2,3.6,36.8
2016-12-13 17:10:00,928.5,1010.2,750.6,722.9,1027.5,938.9,3.6,38.2
2016-12-13 18:10:00,953.8,1015.6,746.8,745.5,1062.5,968.6,7.5,40.9
2016-12-13 19:10:00,927.5,1003.3,712.3,722.7,1061.8,944.0,7.6,39.1
2016-12-13 20:10:00,920.9,960.2,679.2,702.4,1017.9,923.2,7.3,39.5
2016-12-13 21:10:00,921.4,937.1,688.9,681.3,949.0,906.3,4.4,39.0
2016-12-13 22:10:00,884.4,893.7,665.5,643.3,896.4,876.3,3.9,37.0
2016-12-13 23:10:00,815.2,852.2,649.2,622.1,873.1,832.1,3.7,34.8
2016-12-14 00:10:00,746.2,778.1,571.3,583.8,875.1,803.3,4.2,31.6
2016-12-14 01:10:00,709.3,734.8,493.6,556.1,869.2,755.5,3.8,29.6
2016-12-14 02:10:00,685.3,686.8,464.0,548.7,840.7,731.5,4.3,27.3
2016-12-14 03:10:00,665.3,675.5,448.3,527.2,850.5,738.1,4.2,27.6
2016-12-14 04:10:00,661.6,664.9,442.4,525.3,837.5,728.5,3.8,26.7
2016-12-14 05:10:00,684.5,676.6,441.7,535.5,838.7,728.8,3.5,27.6
2016-12-14 06:10:00,727.6,706.5,447.8,531.6,845.4,757.6,4.2,29.3
2016-12-14 07:10:00,782.2,753.0,485.4,566.1,841.0,763.3,4.0,30.3
2016-12-14 08:10:00,835.5,845.7,596.6,615.1,872.6,816.6,4.0,31.4
2016-12-14 09:10:00,855.9,957.1,686.2,663.7,1008.5,898.3,3.7,35.2
2016-12-14 10:10:00,854.0,981.0,686.9,671.7,1070.7,927.5,3.7,35.0
2016-12-14 11:10:00,875.3,1010.6,689.1,682.6,1105.0,946.7,3.4,32.9
2016-12-14 12:10:00,822.5,986.6,675.4,634.9,1074.8,919.9,3.5,34.8
2016-12-14 13:10:00,795.9,941.7,640.4,632.3,1064.3,897.0,3.6,33.2
2016-12-14 14:10:00,843.3,996.2,698.2,675.6,1102.8,940.4,3.4,35.5
2016-12-14 15:10:00,848.7,984.1,703.3,678.1,1083.6,941.3,3.6,35.8
2016-12-14 16:10:00,859.2,1000.3,734.8,699.6,1073.8,934.0,3.4,37.4
2016-12-14 17:10:00,834.9,1004.5,781.5,690.8,1059.9,945.0,3.6,39.7
2016-12-14 18:10:00,891.7,1008.2,776.4,716.7,1064.8,969.5,3.3,41.9
2016-12-14 19:10:00,855.9,990.0,768.7,689.5,1047.2,954.2,3.5,41.4
2016-12-14 20:10:00,842.3,953.4,711.8,672.2,1046.2,937.6,3.4,40.6
2016-12-14 21:10:00,804.8,921.0,700.8,654.5,1013.5,907.3,3.5,39.8
2016-12-14 22:10:00,787.4,885.9,664.0,616.2,967.9,883.1,3.3,37.4
2016-12-14 23:10:00,765.5,839.2,640.1,606.1,901.3,830.1,3.4,34.9
2016-12-15 00:10:00,637.9,768.3,627.3,562.8,891.6,797.4,3.3,31.6
2016-12-15 01:10:00,670.5,722.7,529.7,538.6,845.9,758.5,3.4,29.6
2016-12-15 02:10:00,693.1,688.0,444.7,524.3,850.2,750.9,3.5,28.2
2016-12-15 03:10:00,682.9,657.4,412.6,517.5,844.1,740.9,3.6,27.3
2016-12-15 04:10:00,680.6,668.8,420.1,515.9,841.1,732.6,3.5,28.0
2016-12-15 05:10:00,675.3,664.4,414.8,521.6,846.4,725.7,2.9,27.7
2016-12-15 06:10:00,730.9,698.8,446.6,542.2,837.1,746.7,3.0,29.8
2016-12-15 07:10:00,760.5,759.6,495.1,558.0,845.1,755.8,2.6,30.0
2016-12-15 08:10:00,760.2,823.9,612.7,612.2,902.2,811.9,3.9,31.0
2016-12-15 09:10:00,817.2,943.9,687.4,664.0,1009.5,875.9,3.5,33.8
2016-12-15 10:10:00,824.5,963.3,685.5,664.2,1057.1,909.5,4.2,34.4
2016-12-15 11:10:00,831.4,995.1,696.6,677.8,1095.3,919.6,4.1,34.9
2016-12-15 12:10:00,744.6,927.5,629.4,604.6,1038.4,851.6,4.1,32.7
2016-12-15 13:10:00,735.3,918.2,665.9,621.4,1035.8,869.3,4.0,32.2
2016-12-15 14:10:00,826.9,970.8,663.7,661.9,1083.4,911.1,4.0,34.1
2016-12-15 15:10:00,819.4,973.2,694.8,664.6,1079.1,925.0,3.9,34.4
2016-12-15 16:10:00,832.6,979.6,719.9,682.2,1078.4,937.0,3.7,35.8
2016-12-15 17:10:00,863.0,992.8,720.9,692.0,1076.7,940.2,4.1,39.7
2016-12-15 18:10:00,894.5,994.1,731.9,716.9,1068.9,949.6,5.8,40.5
2016-12-15 19:10:00,895.4,971.1,680.2,701.3,1067.1,937.1,6.2,39.4
2016-12-15 20:10:00,897.7,948.4,635.2,680.8,1057.9,925.9,4.1,39.9
2016-12-15 21:10:00,895.8,935.3,605.0,655.6,1030.9,905.7,4.4,39.4
2016-12-15 22:10:00,834.5,891.7,606.4,631.6,985.7,870.7,4.0,36.4
2016-12-15 23:10:00,786.9,835.1,588.3,624.3,940.9,827.0,4.3,33.9
2016-12-16 00:10:00,775.1,764.8,487.6,573.0,895.4,792.4,3.3,31.3
2016-12-16 01:10:00,776.7,708.6,409.4,533.8,850.4,769.5,3.9,28.6
2016-12-16 02:10:00,742.7,678.0,380.7,512.9,833.9,742.9,3.6,27.1
2016-12-16 03:10:00,696.8,670.8,385.1,503.8,847.2,731.4,3.9,27.0
2016-12-16 04:10:00,683.0,662.8,388.3,504.4,856.5,737.8,3.9,26.8
2016-12-16 05:10:00,681.1,660.0,383.6,510.2,857.2,728.5,3.9,27.2
2016-12-16 06:10:00,721.6,689.7,399.7,525.4,867.5,748.9,3.9,28.7
2016-12-16 07:10:00,751.4,732.9,451.5,555.1,874.5,764.7,3.8,28.5
2016-12-16 08:10:00,742.9,822.7,586.2,600.0,934.9,815.9,3.1,28.4
2016-12-16 09:10:00,848.7,919.6,639.5,656.5,1001.5,886.8,3.7,30.6
2016-12-16 10:10:00,825.2,941.4,631.7,650.2,1071.2,908.8,3.3,30.9
2016-12-16 11:10:00,843.4,967.8,645.1,661.9,1094.6,926.2,3.7,30.9
2016-12-16 12:10:00,813.6,950.1,603.5,625.5,1064.3,878.5,3.3,30.6
2016-12-16 13:10:00,751.9,898.5,596.1,616.0,1044.7,852.7,3.6,29.2
2016-12-16 14:10:00,822.0,952.8,632.9,651.4,1071.8,894.9,3.6,31.3
2016-12-16 15:10:00,820.7,943.4,649.7,668.3,1063.3,894.5,4.2,31.7
2016-12-16 16:10:00,819.6,953.2,694.0,682.7,1052.5,901.5,4.2,32.9
2016-12-16 17:10:00,830.8,959.5,708.2,682.7,1060.6,924.5,3.9,36.8
2016-12-16 18:10:00,871.2,972.5,730.2,703.7,1065.6,956.7,3.8,38.1
2016-12-16 19:10:00,876.1,955.2,681.2,686.2,1052.3,934.3,3.8,37.7
2016-12-16 20:10:00,881.3,938.2,637.9,682.6,1037.6,904.3,4.2,35.8
2016-12-16 21:10:00,889.2,909.2,637.3,662.5,965.3,887.7,3.8,36.2
2016-12-16 22:10:00,859.0,875.8,634.2,648.3,919.8,859.2,4.0,33.7
2016-12-16 23:10:00,809.2,837.6,622.9,649.9,910.8,825.9,4.1,33.6
2016-12-17 00:10:00,749.0,770.8,538.5,603.5,888.0,775.4,4.2,29.9
2016-12-17 01:10:00,717.9,731.7,494.8,573.3,860.8,745.9,4.6,27.3
2016-12-17 02:10:00,697.5,693.7,457.7,564.3,845.8,721.0,4.4,26.4
2016-12-17 03:10:00,686.0,672.5,415.3,547.7,853.7,714.1,4.8,25.6
2016-12-17 04:10:00,662.1,672.2,419.5,532.5,848.0,702.6,3.7,26.0
2016-12-17 05:10:00,654.0,656.0,420.1,543.9,845.5,697.5,4.1,26.2
2016-12-17 06:10:00,656.7,670.8,441.9,551.5,851.1,702.5,3.7,28.6
2016-12-17 07:10:00,649.1,688.4,456.4,566.6,882.2,708.2,4.2,28.7
2016-12-17 08:10:00,658.9,715.6,526.2,569.4,891.3,765.6,3.8,29.6
2016-12-17 09:10:00,739.2,779.8,589.0,617.9,913.5,815.2,3.9,32.7
2016-12-17 10:10:00,707.5,816.0,612.7,611.6,969.4,834.3,3.8,31.5
2016-12-17 11:10:00,684.6,831.4,651.4,619.9,994.3,851.3,3.9,31.7
2016-12-17 12:10:00,657.8,820.1,617.3,586.4,996.0,837.0,4.0,31.6
2016-12-17 13:10:00,643.8,803.0,632.3,581.0,968.2,832.2,3.8,31.9
2016-12-17 14:10:00,676.6,821.3,659.4,612.1,968.0,841.8,3.9,32.7
2016-12-17 15:10:00,671.8,806.6,657.0,614.0,954.3,833.5,4.0,33.0
2016-12-17 16:10:00,691.1,827.4,655.0,611.2,963.9,841.5,3.8,33.6
2016-12-17 17:10:00,730.4,836.9,668.6,607.8,936.2,857.8,3.8,36.4
2016-12-17 18:10:00,788.5,874.4,702.9,675.6,970.6,875.4,3.8,40.4
2016-12-17 19:10:00,751.5,867.1,690.5,659.3,964.6,844.8,4.1,39.5
2016-12-17 20:10:00,762.1,862.1,704.1,663.9,931.0,836.0,4.0,39.2
2016-12-17 21:10:00,767.4,847.5,684.8,653.5,901.1,818.7,4.0,37.6
2016-12-17 22:10:00,728.6,833.0,685.1,639.6,911.3,819.2,4.0,37.1
2016-12-17 23:10:00,668.5,798.4,628.4,608.6,910.5,769.5,3.7,34.7
2016-12-18 00:10:00,629.1,733.7,617.2,598.4,857.6,744.1,3.6,31.3
2016-12-18 01:10:00,647.6,701.7,507.2,577.7,855.8,706.8,4.3,28.5
2016-12-18 02:10:00,643.1,651.1,416.4,540.5,835.3,680.4,3.8,26.6
2016-12-18 03:10:00,610.9,643.1,422.9,538.5,842.6,672.6,3.9,26.1
2016-12-18 04:10:00,604.1,627.2,418.3,524.5,823.9,672.8,3.8,25.7
2016-12-18 05:10:00,590.5,625.6,414.9,513.9,836.2,679.5,4.0,26.5
2016-12-18 06:10:00,627.4,650.1,404.6,525.4,852.9,687.7,6.1,27.9
2016-12-18 07:10:00,592.9,638.7,392.3,486.1,871.8,711.0,3.4,24.6
2016-12-18 08:10:00,581.2,678.7,466.7,485.1,866.9,726.1,3.4,28.3
2016-12-18 09:10:00,593.1,699.8,504.0,522.5,882.0,730.4,3.5,30.0
2016-12-18 10:10:00,594.0,728.9,575.0,531.2,878.0,760.3,3.3,29.9
2016-12-18 11:10:00,570.3,759.4,616.2,535.0,914.2,779.5,3.6,30.4
2016-12-18 12:10:00,572.9,767.7,627.7,522.9,917.9,800.6,3.4,30.7
2016-12-18 13:10:00,520.1,767.8,643.3,519.5,934.4,782.9,3.7,31.2
2016-12-18 14:10:00,525.2,754.6,648.2,520.8,910.1,780.6,3.6,31.0
2016-12-18 15:10:00,512.4,758.1,659.9,521.5,921.7,787.6,3.8,30.5
2016-12-18 16:10:00,545.2,763.5,658.7,518.0,896.5,792.1,4.5,31.4
2016-12-18 17:10:00,628.0,794.6,671.2,582.6,886.6,779.6,4.2,33.2
2016-12-18 18:10:00,691.6,852.7,750.2,617.5,907.2,844.4,3.7,38.1
2016-12-18 19:10:00,700.6,853.9,732.2,614.7,891.6,823.3,5.0,37.4
2016-12-18 20:10:00,683.2,852.7,756.3,632.9,900.6,822.4,5.3,37.5
2016-12-18 21:10:00,686.7,858.2,748.8,633.1,900.9,813.7,5.2,36.5
2016-12-18 22:10:00,673.7,832.1,738.3,602.5,853.9,801.3,5.2,35.1
2016-12-18 23:10:00,617.0,766.3,686.2,576.8,825.9,757.8,3.6,31.8
2016-12-19 00:10:00,545.1,715.2,628.3,530.5,821.8,723.9,3.7,29.2
2016-12-19 01:10:00,539.8,661.8,542.8,527.5,824.2,693.8,3.5,27.1
2016-12-19 02:10:00,530.3,625.2,485.3,504.7,818.5,682.0,3.3,25.5
2016-12-19 03:10:00,522.0,618.2,449.4,501.0,841.1,671.8,3.6,25.2
2016-12-19 04:10:00,533.1,612.6,441.3,498.8,832.0,672.8,3.8,26.0
2016-12-19 05:10:00,554.1,611.4,420.5,505.2,830.5,666.7,3.7,25.4
2016-12-19 06:10:00,639.1,650.7,404.8,525.4,849.6,694.3,4.9,28.0
2016-12-19 07:10:00,699.7,707.9,401.4,545.6,902.2,725.1,4.0,28.7
2016-12-19 08:10:00,730.3,811.9,595.5,601.7,886.7,773.3,3.9,29.5
2016-12-19 09:10:00,841.2,925.4,680.2,678.3,962.9,851.4,3.8,32.8
2016-12-19 10:10:00,844.0,963.0,669.0,681.3,1017.2,856.8,3.9,33.1
2016-12-19 11:10:00,863.6,1002.2,670.6,693.3,1096.9,905.4,4.2,34.5
2016-12-19 12:10:00,802.2,986.2,664.3,657.2,1091.6,885.0,3.6,33.3
2016-12-19 13:10:00,761.0,941.3,634.3,643.9,1088.5,870.3,4.2,32.4
2016-12-19 14:10:00,868.3,1007.1,678.0,696.2,1100.3,913.0,4.0,34.3
2016-12-19 15:10:00,854.8,1010.6,685.6,701.0,1117.1,914.4,4.0,35.5
2016-12-19 16:10:00,838.9,1009.0,728.7,713.5,1100.3,914.1,4.2,35.6
2016-12-19 17:10:00,845.8,1008.1,739.4,707.9,1088.4,924.1,3.9,37.4
2016-12-19 18:10:00,873.8,1029.6,794.2,747.3,1098.0,956.4,7.7,40.3
2016-12-19 19:10:00,871.9,1005.6,734.1,734.9,1100.0,934.4,7.7,38.9
2016-12-19 20:10:00,833.3,973.8,712.2,709.2,1097.8,929.5,7.8,38.8
2016-12-19 21:10:00,814.3,946.0,705.8,693.3,1048.2,899.6,7.8,37.2
2016-12-19 22:10:00,801.3,899.7,653.7,652.9,995.8,870.8,7.8,35.3
2016-12-19 23:10:00,744.2,856.8,645.3,630.4,963.0,837.4,4.5,32.4
2016-12-20 00:10:00,753.7,783.3,560.2,606.5,922.7,821.7,4.3,29.4
2016-12-20 01:10:00,746.3,733.1,488.8,586.0,868.5,761.0,3.7,27.4
2016-12-20 02:10:00,755.4,699.7,411.5,564.3,876.0,756.5,3.8,26.1
2016-12-20 03:10:00,743.5,690.9,391.4,560.3,882.1,743.1,3.7,26.2
2016-12-20 04:10:00,722.2,675.9,389.6,549.0,871.7,736.0,3.6,26.1
2016-12-20 05:10:00,728.4,671.6,386.3,551.5,863.0,733.5,5.5,26.6
2016-12-20 06:10:00,755.4,698.0,399.3,563.3,879.8,752.5,6.8,27.4
2016-12-20 07:10:00,773.1,754.3,442.7,590.1,914.3,765.0,7.6,28.4
2016-12-20 08:10:00,763.7,854.3,636.0,629.5,914.6,807.0,7.5,30.9
2016-12-20 09:10:00,889.8,970.7,722.7,700.1,975.7,885.5,3.2,35.1
2016-12-20 10:10:00,887.8,1011.5,736.5,711.4,1036.0,905.3,3.2,35.3
2016-12-20 11:10:00,923.7,1052.8,740.3,720.5,1088.6,946.5,3.2,36.1
2016-12-20 12:10:00,890.8,1038.3,701.6,673.7,1068.5,916.6,3.2,35.5
2016-12-20 13:10:00,884.5,1006.7,695.3,683.6,1045.4,903.6,3.1,34.4
2016-12-20 14:10:00,902.8,1055.9,754.4,729.9,1104.8,943.5,3.2,35.8
2016-12-20 15:10:00,904.7,1060.0,778.8,732.9,1097.8,955.4,3.2,36.2
2016-12-20 16:10:00,911.8,1058.7,809.7,759.3,1075.0,944.8,3.1,36.9
2016-12-20 17:10:00,916.8,1049.0,780.8,741.9,1071.6,941.8,3.2,39.7
2016-12-20 18:10:00,938.7,1060.4,860.3,768.3,1040.3,972.4,3.2,41.5
2016-12-20 19:10:00,940.4,1028.1,794.1,756.5,1043.1,956.2,3.2,40.0
2016-12-20 20:10:00,942.3,1015.1,734.1,739.4,1052.2,937.7,3.2,39.6
2016-12-20 21:10:00,917.1,969.5,671.3,700.8,1026.3,908.8,3.2,38.9
2016-12-20 22:10:00,878.9,919.4,629.1,675.8,998.6,878.3,3.2,36.2
2016-12-20 23:10:00,819.3,864.2,613.2,659.2,964.9,843.8,3.2,33.4
2016-12-21 00:10:00,801.9,799.5,508.3,609.0,944.2,818.1,3.2,31.0
2016-12-21 01:10:00,758.7,760.3,485.8,585.7,898.5,771.8,3.2,28.4
2016-12-21 02:10:00,749.8,714.9,433.7,558.2,887.8,773.6,3.2,27.6
2016-12-21 03:10:00,742.7,697.7,386.2,552.7,897.6,751.8,3.2,27.5
2016-12-21 04:10:00,740.4,688.2,386.5,546.4,881.5,749.3,3.1,27.7
2016-12-21 05:10:00,750.8,709.4,391.3,548.8,885.4,743.6,3.2,28.8
2016-12-21 06:10:00,764.2,722.5,420.7,573.8,908.7,769.8,3.1,30.6
2016-12-21 07:10:00,753.2,780.9,494.8,590.9,943.4,792.3,3.1,30.5
2016-12-21 08:10:00,776.1,869.3,634.7,639.4,957.2,829.3,3.1,33.1
2016-12-21 09:10:00,865.5,997.2,764.9,694.5,1011.2,916.3,3.2,36.8
2016-12-21 10:10:00,894.3,1049.2,774.1,719.3,1068.2,934.5,3.2,36.8
2016-12-21 11:10:00,911.4,1076.4,797.3,734.0,1092.2,956.1,3.2,37.5
2016-12-21 12:10:00,921.9,1065.8,728.4,682.2,1080.4,949.3,3.2,36.6
2016-12-21 13:10:00,866.4,1027.2,736.2,689.1,1068.3,922.5,3.1,35.3
2016-12-21 14:10:00,921.1,1081.3,798.4,738.6,1106.7,974.0,3.1,35.4
2016-12-21 15:10:00,915.6,1087.4,808.9,737.9,1098.1,963.3,3.2,37.1
2016-12-21 16:10:00,919.9,1078.0,814.4,747.2,1089.4,964.1,3.2,37.5
2016-12-21 17:10:00,890.3,1074.0,823.1,727.3,1089.9,966.1,3.2,39.1
2016-12-21 18:10:00,937.1,1081.8,838.6,748.1,1088.0,993.5,3.2,43.4
2016-12-21 19:10:00,902.0,1044.6,801.0,731.2,1083.2,970.5,3.2,43.1
2016-12-21 20:10:00,918.0,1009.0,730.4,711.3,1074.5,964.2,3.2,41.6
2016-12-21 21:10:00,916.0,978.4,741.3,679.4,980.7,943.1,3.2,40.3
2016-12-21 22:10:00,842.6,913.1,714.9,649.1,942.9,903.6,3.2,37.8
2016-12-21 23:10:00,818.4,870.3,685.7,640.5,902.6,863.9,3.1,35.1
2016-12-22 00:10:00,755.0,799.5,644.7,601.5,851.0,820.9,3.2,32.0
2016-12-22 01:10:00,761.3,744.3,541.3,580.2,842.3,793.7,3.2,29.9
2016-12-22 02:10:00,746.1,718.9,496.4,559.0,846.7,785.7,3.2,28.8
2016-12-22 03:10:00,723.1,701.8,472.3,546.8,852.0,774.1,3.2,27.7
2016-12-22 04:10:00,706.1,687.7,475.4,546.1,834.7,757.7,3.1,27.9
2016-12-22 05:10:00,697.6,699.5,476.4,539.7,855.5,764.7,3.2,28.8
2016-12-22 06:10:00,718.5,727.4,471.5,560.5,911.2,786.0,3.1,30.4
2016-12-22 07:10:00,762.8,784.6,522.2,580.3,904.1,796.2,3.1,31.1
2016-12-22 08:10:00,746.8,861.7,719.3,638.8,900.6,836.7,3.0,32.5
2016-12-22 09:10:00,837.2,989.9,814.6,701.7,989.5,915.8,3.1,37.0
2016-12-22 10:10:00,833.9,1030.3,801.1,714.8,1087.8,943.8,3.2,37.1
2016-12-22 11:10:00,842.1,1044.4,819.3,721.1,1098.8,959.6,3.1,38.1
2016-12-22 12:10:00,805.3,1030.0,784.8,676.4,1076.4,925.9,3.2,37.3
2016-12-22 13:10:00,778.8,987.5,767.9,664.8,1042.0,903.6,3.1,35.9
2016-12-22 14:10:00,830.0,1040.1,819.8,716.4,1078.6,937.4,3.2,37.7
2016-12-22 15:10:00,846.4,1029.4,799.7,709.2,1077.0,948.7,3.1,38.9
2016-12-22 16:10:00,873.5,1037.0,817.1,716.5,1054.7,955.3,3.2,39.6
2016-12-22 17:10:00,873.4,1048.1,822.1,704.4,1048.3,951.8,3.2,42.6
2016-12-22 18:10:00,924.5,1044.8,835.3,725.1,1052.9,1002.3,3.2,43.6
2016-12-22 19:10:00,867.4,1007.7,808.7,714.9,1065.9,980.6,3.2,42.1
2016-12-22 20:10:00,853.8,976.6,721.7,689.2,1070.2,941.5,3.2,41.5
2016-12-22 21:10:00,870.2,946.3,714.6,655.0,992.4,938.3,3.2,40.8
2016-12-22 22:10:00,807.0,889.1,703.0,631.4,946.7,901.8,3.2,37.5
2016-12-22 23:10:00,707.3,833.9,716.7,615.3,933.0,876.8,3.2,34.2
2016-12-23 00:10:00,677.7,776.1,643.6,578.2,880.5,818.0,3.2,32.8
2016-12-23 01:10:00,664.2,728.9,571.0,540.2,869.4,808.5,3.2,30.1
2016-12-23 02:10:00,629.9,691.9,522.9,535.4,874.1,774.2,3.2,28.6
2016-12-23 03:10:00,630.3,672.7,503.8,514.3,847.2,769.9,3.1,27.5
2016-12-23 04:10:00,620.2,667.6,482.0,521.1,869.5,758.0,3.2,28.1
2016-12-23 05:10:00,610.9,664.0,485.1,524.0,871.1,753.9,3.1,28.3
2016-12-23 06:10:00,669.0,690.9,486.6,538.6,887.0,786.2,3.1,30.0
2016-12-23 07:10:00,669.6,742.5,531.4,555.8,918.5,792.6,3.2,31.8
2016-12-23 08:10:00,620.8,829.5,730.3,600.3,938.9,831.2,3.1,32.1
2016-12-23 09:10:00,759.8,932.6,789.8,664.9,982.7,902.0,3.1,35.9
2016-12-23 10:10:00,741.4,968.4,786.8,664.3,1061.4,924.0,3.2,36.1
2016-12-23 11:10:00,776.0,991.5,793.5,675.2,1088.2,958.0,3.1,36.1
2016-12-23 12:10:00,739.6,970.3,725.2,644.9,1107.8,925.9,3.3,34.8
2016-12-23 13:10:00,723.2,927.6,722.8,631.8,1039.1,896.1,3.1,32.6
2016-12-23 14:10:00,775.8,971.1,785.6,673.9,1068.5,953.3,3.2,34.8
2016-12-23 15:10:00,778.9,965.2,793.2,679.6,1058.9,952.9,3.2,36.4
2016-12-23 16:10:00,772.6,962.5,797.0,684.2,1054.7,944.3,3.1,36.5
2016-12-23 17:10:00,807.8,978.1,797.0,702.5,1047.8,935.2,3.2,40.0
2016-12-23 18:10:00,805.4,984.7,837.5,716.0,1061.9,965.8,3.2,41.5
2016-12-23 19:10:00,816.6,957.9,818.5,701.1,1012.6,950.7,3.2,41.2
2016-12-23 20:10:00,831.6,936.0,763.6,681.7,978.5,919.3,3.2,40.0
2016-12-23 21:10:00,847.4,905.5,718.7,660.8,951.6,915.4,3.2,39.3
2016-12-23 22:10:00,809.2,866.0,694.8,639.0,907.3,871.5,3.2,38.0
2016-12-23 23:10:00,754.1,828.6,687.9,624.7,903.9,860.8,3.2,35.0
2016-12-24 00:10:00,733.2,772.3,589.4,595.6,894.2,818.7,3.2,33.4
2016-12-24 01:10:00,708.9,719.0,539.2,566.1,842.2,777.3,3.2,31.0
2016-12-24 02:10:00,658.6,680.9,511.5,534.3,823.3,752.4,3.2,29.0
2016-12-24 03:10:00,616.8,657.4,511.7,529.6,820.1,737.0,3.2,27.6
2016-12-24 04:10:00,617.6,641.6,496.8,537.7,816.8,726.8,3.2,28.3
2016-12-24 05:10:00,620.2,652.2,497.5,520.9,818.4,737.6,3.2,28.6
2016-12-24 06:10:00,622.0,661.3,505.3,530.6,832.0,741.0,3.1,29.5
2016-12-24 07:10:00,624.9,669.6,528.9,554.9,835.6,738.0,3.1,30.0
2016-12-24 08:10:00,629.1,713.2,572.8,577.5,864.8,747.3,3.1,31.8
2016-12-24 09:10:00,696.9,768.1,618.5,618.2,885.9,783.8,3.1,34.4
2016-12-24 10:10:00,686.2,798.2,670.1,625.7,908.2,808.6,3.1,35.2
2016-12-24 11:10:00,672.0,820.0,667.6,623.8,975.1,838.5,3.2,35.6
2016-12-24 12:10:00,613.7,812.1,687.2,607.0,975.5,826.4,3.2,34.1
2016-12-24 13:10:00,625.7,793.2,656.4,608.5,959.2,809.1,3.1,33.5
2016-12-24 14:10:00,657.1,811.5,662.7,625.6,971.2,822.6,3.2,34.4
2016-12-24 15:10:00,640.7,804.3,667.8,621.0,970.1,821.4,3.2,35.2
2016-12-24 16:10:00,639.6,801.5,676.1,630.0,976.0,827.3,3.1,36.0
2016-12-24 17:10:00,664.0,839.1,698.0,630.1,976.4,833.7,2.6,38.1
2016-12-24 18:10:00,694.0,866.7,766.3,669.2,988.0,874.3,2.6,40.8
2016-12-24 19:10:00,694.7,854.9,716.2,654.6,995.8,859.0,2.6,40.8
2016-12-24 20:10:00,703.8,845.3,739.7,654.9,949.3,855.7,2.6,39.5
2016-12-24 21:10:00,699.7,834.5,739.2,642.8,920.5,847.2,2.6,37.4
2016-12-24 22:10:00,674.8,816.0,700.1,634.1,904.1,794.2,2.6,37.3
2016-12-24 23:10:00,634.6,770.5,668.8,611.0,897.0,787.0,3.1,35.0
2016-12-25 00:10:00,637.9,743.6,582.0,571.1,884.4,760.6,3.2,32.2
2016-12-25 01:10:00,613.5,693.4,497.7,546.7,884.8,728.5,3.2,30.7
2016-12-25 02:10:00,615.2,658.1,471.7,535.6,845.7,712.8,3.1,29.2
2016-12-25 03:10:00,562.3,632.6,473.3,526.6,838.0,689.2,3.1,28.4
2016-12-25 04:10:00,562.1,615.9,457.5,519.5,819.4,678.6,3.1,28.0
2016-12-25 05:10:00,545.1,632.0,484.9,514.3,831.5,689.9,3.1,28.4
2016-12-25 06:10:00,564.5,637.3,488.9,526.9,832.5,695.5,3.1,29.4
2016-12-25 07:10:00,562.0,644.4,504.5,532.9,818.8,681.7,3.2,29.4
2016-12-25 08:10:00,557.5,672.2,548.7,519.5,817.7,704.9,3.2,30.5
2016-12-25 09:10:00,599.8,710.9,601.7,546.6,812.9,728.0,3.2,31.9
2016-12-25 10:10:00,561.8,739.7,650.8,544.6,848.0,747.1,3.1,32.4
2016-12-25 11:10:00,577.6,777.7,731.1,568.1,835.9,767.8,3.2,34.1
2016-12-25 12:10:00,563.3,786.9,721.4,567.0,862.2,762.0,3.2,34.2
2016-12-25 13:10:00,550.6,773.1,724.5,563.6,849.3,757.0,3.1,33.9
2016-12-25 14:10:00,544.1,764.1,734.9,566.8,845.6,762.8,3.2,34.0
2016-12-25 15:10:00,543.0,766.4,738.2,559.7,834.6,758.6,3.1,34.3
2016-12-25 16:10:00,556.8,770.5,743.8,572.1,840.6,767.6,3.2,34.1
2016-12-25 17:10:00,581.5,800.4,800.5,582.3,840.6,806.5,3.1,36.5
2016-12-25 18:10:00,653.2,850.8,804.3,624.3,894.0,838.1,3.1,41.6
2016-12-25 19:10:00,648.2,844.3,792.7,615.3,888.6,832.7,3.1,40.3
2016-12-25 20:10:00,662.1,847.5,772.2,627.2,903.4,825.4,3.2,40.8
2016-12-25 21:10:00,657.5,855.1,765.7,619.5,914.4,825.7,3.2,40.4
2016-12-25 22:10:00,642.6,820.7,724.5,598.4,886.9,801.4,3.2,36.7
2016-12-25 23:10:00,623.2,761.9,683.6,579.8,840.0,772.7,3.2,35.4
2016-12-26 00:10:00,591.6,715.6,613.6,554.8,835.6,741.8,3.2,31.8
2016-12-26 01:10:00,569.3,663.1,539.9,538.0,827.0,708.6,3.2,29.7
2016-12-26 02:10:00,543.5,615.0,481.8,524.5,820.4,681.5,3.1,27.8
2016-12-26 03:10:00,519.3,612.6,487.9,503.5,818.5,685.4,3.2,27.4
2016-12-26 04:10:00,516.7,612.1,481.1,491.8,806.2,674.8,3.1,28.5
2016-12-26 05:10:00,519.0,617.7,487.0,501.0,819.4,681.4,3.1,28.5
2016-12-26 06:10:00,575.3,643.2,486.3,530.1,828.8,689.9,3.1,30.4
2016-12-26 07:10:00,652.0,695.5,485.8,551.0,857.2,720.4,3.2,31.3
2016-12-26 08:10:00,671.5,769.8,564.1,599.6,923.2,761.2,3.1,31.3
2016-12-26 09:10:00,735.7,875.9,733.1,671.7,934.7,824.6,3.2,34.6
2016-12-26 10:10:00,789.4,917.7,727.6,672.2,968.8,863.8,3.2,35.3
2016-12-26 11:10:00,799.6,941.8,734.5,683.0,1005.5,881.2,3.1,36.8
2016-12-26 12:10:00,732.0,933.5,717.8,631.1,1021.1,873.4,3.2,36.1
2016-12-26 13:10:00,687.7,907.9,716.4,641.7,1011.7,834.9,3.1,34.4
2016-12-26 14:10:00,774.4,950.0,731.8,677.3,1026.4,872.3,3.2,36.2
2016-12-26 15:10:00,796.9,944.9,722.5,675.8,1007.5,871.1,3.2,38.3
2016-12-26 16:10:00,806.5,950.7,742.4,691.2,1010.9,883.9,3.2,37.2
2016-12-26 17:10:00,840.8,960.4,737.7,692.4,998.8,889.0,3.2,38.7
2016-12-26 18:10:00,839.6,989.1,797.1,720.7,1048.6,935.2,3.2,43.4
2016-12-26 19:10:00,830.9,959.2,748.4,699.4,1020.1,902.0,3.1,42.0
2016-12-26 20:10:00,845.9,945.2,745.3,703.2,991.5,895.5,3.2,42.1
2016-12-26 21:10:00,848.7,919.9,698.3,670.9,961.3,879.3,3.2,41.3
2016-12-26 22:10:00,790.9,861.6,698.0,636.1,902.2,858.5,2.6,37.5
2016-12-26 23:10:00,739.8,828.5,688.5,621.9,873.7,818.5,3.2,36.2
2016-12-27 00:10:00,705.0,755.9,615.4,574.0,813.2,774.5,3.2,32.4
2016-12-27 01:10:00,700.5,709.8,540.0,560.1,808.7,752.0,3.2,30.5
2016-12-27 02:10:00,651.8,682.5,513.5,545.7,807.2,718.3,3.1,29.2
2016-12-27 03:10:00,622.8,672.9,498.5,541.1,824.7,705.9,3.2,29.2
2016-12-27 04:10:00,596.7,657.4,496.6,520.5,825.4,715.0,3.2,29.1
2016-12-27 05:10:00,581.7,653.9,507.5,520.7,827.4,715.7,3.2,29.4
2016-12-27 06:10:00,622.7,693.5,502.6,529.8,858.2,731.8,3.1,31.6
2016-12-27 07:10:00,646.0,742.8,499.0,526.6,872.0,717.9,3.1,32.8
2016-12-27 08:10:00,606.1,754.6,643.4,565.0,823.4,725.5,2.8,30.5
2016-12-27 09:10:00,804.8,946.4,797.6,683.0,919.9,859.8,3.1,36.2
2016-12-27 10:10:00,803.2,963.5,784.9,681.8,977.8,889.5,3.7,34.9
2016-12-27 11:10:00,847.8,1002.1,782.5,693.3,991.4,892.6,3.8,37.4
2016-12-27 12:10:00,784.1,965.2,722.6,640.7,994.0,862.7,3.5,35.6
2016-12-27 13:10:00,725.8,923.8,738.9,629.9,971.9,853.1,3.7,33.5
2016-12-27 14:10:00,780.9,971.7,788.1,670.4,1003.1,898.0,3.9,35.9
2016-12-27 15:10:00,780.7,972.7,791.8,670.9,993.9,890.7,3.9,36.0
2016-12-27 16:10:00,820.6,988.1,789.2,692.2,1013.1,909.9,4.0,36.7
2016-12-27 17:10:00,833.7,987.3,801.1,683.6,999.7,927.1,3.9,40.5
2016-12-27 18:10:00,873.2,1003.2,848.8,711.6,990.7,959.0,3.7,42.7
2016-12-27 19:10:00,869.1,979.3,757.9,689.4,1010.7,930.8,3.8,41.9
2016-12-27 20:10:00,851.1,943.1,741.3,680.0,994.5,925.6,3.8,42.0
2016-12-27 21:10:00,861.4,921.9,744.3,654.0,904.8,898.1,4.0,40.5
2016-12-27 22:10:00,857.4,884.4,703.5,625.1,852.5,868.5,3.6,39.0
2016-12-27 23:10:00,769.2,825.8,696.0,611.7,837.6,833.4,3.6,35.5
2016-12-28 00:10:00,720.1,767.3,592.8,565.8,842.2,793.5,3.7,32.2
2016-12-28 01:10:00,644.3,707.9,525.4,527.8,868.0,775.8,3.7,29.9
2016-12-28 02:10:00,586.9,683.2,514.1,516.5,858.9,735.4,3.9,28.7
2016-12-28 03:10:00,623.5,671.7,494.3,508.0,822.3,736.1,4.0,28.4
2016-12-28 04:10:00,612.2,663.4,487.8,502.9,812.7,722.0,3.8,28.2
2016-12-28 05:10:00,585.8,664.6,496.0,509.5,841.0,723.7,3.6,28.7
2016-12-28 06:10:00,625.0,679.7,487.1,522.2,854.5,738.4,3.8,30.1
2016-12-28 07:10:00,701.7,743.0,500.7,562.6,883.2,751.8,3.8,32.2
2016-12-28 08:10:00,744.2,823.2,626.8,604.0,886.6,801.3,4.0,33.1
2016-12-28 09:10:00,836.7,924.6,761.4,666.1,896.2,870.7,3.6,36.5
2016-12-28 10:10:00,809.3,945.6,747.2,679.6,973.2,871.8,3.7,36.4
2016-12-28 11:10:00,835.7,976.0,767.4,681.1,984.0,897.3,3.9,36.5
2016-12-28 12:10:00,821.5,961.5,691.1,637.7,978.1,859.9,3.9,35.6
2016-12-28 13:10:00,794.9,917.7,667.6,630.2,953.8,839.0,3.9,33.5
2016-12-28 14:10:00,817.1,971.9,730.9,679.0,1013.5,878.6,3.6,35.6
2016-12-28 15:10:00,802.4,966.6,754.6,682.2,1013.0,888.5,3.9,36.6
2016-12-28 16:10:00,804.7,955.3,792.0,704.3,996.9,900.3,4.0,37.8
2016-12-28 17:10:00,795.7,975.3,791.7,707.6,1054.3,924.6,6.0,40.2
2016-12-28 18:10:00,855.8,994.2,789.3,725.2,1048.0,937.2,6.2,42.6
2016-12-28 19:10:00,864.4,962.0,774.8,717.0,999.2,924.0,6.2,41.6
2016-12-28 20:10:00,861.7,932.1,730.9,696.4,993.4,922.0,6.1,41.6
2016-12-28 21:10:00,849.6,919.9,714.1,673.0,956.3,892.4,6.4,41.1
2016-12-28 22:10:00,819.4,874.0,709.8,640.8,884.7,863.4,3.5,39.2
2016-12-28 23:10:00,745.4,829.2,668.7,619.1,894.7,827.1,3.6,37.0
2016-12-29 00:10:00,735.4,764.4,582.5,571.7,828.5,780.4,3.6,33.5
2016-12-29 01:10:00,677.2,722.5,531.2,539.1,828.0,746.8,3.4,31.5
2016-12-29 02:10:00,650.1,692.3,481.2,528.0,843.0,728.5,3.8,29.4
2016-12-29 03:10:00,614.1,659.1,473.5,514.7,833.8,722.5,3.6,28.8
2016-12-29 04:10:00,595.2,651.8,474.1,516.7,837.4,713.0,3.7,28.9
2016-12-29 05:10:00,604.4,670.1,476.5,500.8,828.6,712.0,3.4,29.9
2016-12-29 06:10:00,600.8,686.2,507.2,523.4,861.4,731.9,3.9,31.8
2016-12-29 07:10:00,675.3,725.8,539.7,556.6,855.6,759.1,3.7,32.9
2016-12-29 08:10:00,720.1,806.0,651.8,599.1,854.5,790.9,3.4,33.7
2016-12-29 09:10:00,850.6,909.4,705.3,654.4,891.5,850.9,3.5,36.1
2016-12-29 10:10:00,764.7,935.3,749.8,656.2,970.0,859.9,3.5,36.6
2016-12-29 11:10:00,767.1,948.3,747.0,661.4,1008.4,879.7,3.2,36.1
2016-12-29 12:10:00,726.4,933.3,694.2,611.3,991.8,835.1,3.4,36.0
2016-12-29 13:10:00,670.1,887.7,697.5,606.4,977.2,819.3,3.3,34.6
2016-12-29 14:10:00,696.0,938.3,799.8,658.2,998.7,866.5,3.7,35.2
2016-12-29 15:10:00,696.0,945.2,811.6,661.7,997.7,865.7,3.7,36.3
2016-12-29 16:10:00,731.1,951.7,817.9,670.8,1001.4,894.2,3.6,37.3
2016-12-29 17:10:00,775.4,952.0,813.7,679.4,987.7,909.7,3.4,39.0
2016-12-29 18:10:00,791.0,979.4,835.0,705.4,1038.6,941.0,3.7,42.4
2016-12-29 19:10:00,805.0,948.8,782.4,702.4,1023.1,923.2,5.9,41.9
2016-12-29 20:10:00,767.5,923.9,767.3,692.8,1016.1,898.5,5.9,41.6
2016-12-29 21:10:00,749.9,906.4,782.4,660.7,954.0,885.1,6.3,40.4
2016-12-29 22:10:00,709.5,866.1,752.6,634.2,936.4,862.8,3.7,39.2
2016-12-29 23:10:00,635.1,827.4,748.1,618.5,919.4,823.2,3.8,37.3
2016-12-30 00:10:00,651.3,759.0,634.6,569.8,853.0,780.9,3.9,33.0
2016-12-30 01:10:00,628.0,708.8,557.4,554.3,841.1,735.6,3.1,30.8
2016-12-30 02:10:00,608.6,679.1,494.2,528.2,850.3,720.6,4.0,29.2
2016-12-30 03:10:00,600.7,658.6,455.1,522.8,855.2,704.1,3.2,28.7
2016-12-30 04:10:00,597.6,643.6,458.9,523.0,835.0,699.3,3.2,28.9
2016-12-30 05:10:00,589.4,651.1,461.1,525.7,847.1,695.6,3.3,28.6
2016-12-30 06:10:00,621.6,658.4,471.5,538.7,841.5,710.2,3.1,30.4
2016-12-30 07:10:00,651.5,728.4,544.3,584.8,886.5,739.9,3.3,32.5
2016-12-30 08:10:00,646.8,796.5,700.3,606.7,856.3,769.9,3.3,33.4
2016-12-30 09:10:00,706.8,884.8,786.3,659.4,909.8,827.0,3.1,34.8
2016-12-30 10:10:00,670.8,906.0,763.2,656.7,1010.2,849.8,3.3,35.0
2016-12-30 11:10:00,678.4,929.1,786.7,666.2,1029.8,866.9,3.2,35.8
2016-12-30 12:10:00,668.3,915.2,737.6,622.1,1001.8,838.8,0.6,32.4
2016-12-30 13:10:00,631.5,875.7,728.5,613.7,976.3,816.7,0.5,30.7
2016-12-30 14:10:00,674.4,914.7,784.8,651.3,999.0,861.1,0.6,31.7
2016-12-30 15:10:00,694.8,919.0,762.9,653.0,1010.4,862.7,0.5,33.8
2016-12-30 16:10:00,670.6,911.6,760.3,667.5,1060.9,880.2,3.0,35.4
2016-12-30 17:10:00,705.6,928.4,753.9,661.5,1048.8,883.4,2.6,37.5
2016-12-30 18:10:00,729.0,945.0,805.7,695.7,1072.4,930.9,4.8,40.3
2016-12-30 19:10:00,741.1,930.0,758.5,682.5,1047.2,899.8,5.0,39.6
2016-12-30 20:10:00,742.5,904.2,731.9,690.9,1041.7,885.7,3.7,39.1
2016-12-30 21:10:00,761.6,866.7,672.4,656.0,981.5,857.1,2.9,38.6
2016-12-30 22:10:00,760.3,844.2,679.5,624.9,899.1,836.1,3.0,36.8
2016-12-30 23:10:00,709.6,819.7,674.3,624.8,910.9,818.1,3.0,35.2
2016-12-31 00:10:00,642.2,756.8,667.9,589.6,826.9,760.9,3.1,32.8
2016-12-31 01:10:00,649.5,698.7,578.9,584.9,796.3,713.9,2.9,30.1
2016-12-31 02:10:00,616.4,670.4,529.9,566.9,801.7,684.7,3.1,29.0
2016-12-31 03:10:00,616.3,643.8,477.7,549.6,805.6,681.2,3.2,28.2
2016-12-31 04:10:00,619.0,629.2,463.7,539.2,784.6,673.8,2.8,27.8
2016-12-31 05:10:00,615.2,628.7,474.1,557.0,798.2,676.4,3.0,28.4
2016-12-31 06:10:00,630.1,635.7,475.6,546.6,794.5,691.1,3.0,29.8
2016-12-31 07:10:00,623.3,641.3,477.1,555.8,806.2,682.8,3.2,29.9
2016-12-31 08:10:00,644.0,680.9,548.7,575.3,795.3,702.8,2.9,31.9
2016-12-31 09:10:00,646.2,730.1,654.9,615.7,797.5,721.9,2.9,33.7
2016-12-31 10:10:00,575.3,764.4,702.4,615.2,876.5,742.1,2.7,35.3
2016-12-31 11:10:00,553.3,776.7,737.3,600.7,880.6,760.5,2.8,36.1
2016-12-31 12:10:00,555.9,785.3,702.3,588.3,903.9,757.6,3.1,34.0
2016-12-31 13:10:00,564.6,778.1,689.8,577.2,887.1,754.8,3.2,34.6
2016-12-31 14:10:00,543.2,776.0,739.9,604.5,885.9,757.1,3.1,34.5
2016-12-31 15:10:00,532.3,764.7,737.4,597.5,888.3,763.0,3.0,35.8
2016-12-31 16:10:00,558.4,780.9,746.7,611.3,892.8,772.4,2.9,36.4
2016-12-31 17:10:00,579.4,807.7,760.0,616.8,914.5,792.0,2.6,39.9
2016-12-31 18:10:00,692.6,841.4,772.8,645.6,898.8,837.2,2.7,42.8
2016-12-31 19:10:00,685.1,821.6,742.0,640.7,893.7,820.5,2.9,40.8
2016-12-31 20:10:00,683.4,811.8,718.5,644.5,894.1,801.3,2.8,41.3
2016-12-31 21:10:00,677.2,801.3,719.2,640.5,873.3,789.6,2.7,41.0
2016-12-31 22:10:00,669.5,760.4,722.2,614.0,789.3,770.7,2.7,38.6
2016-12-31 23:10:00,629.1,734.2,695.4,603.7,784.6,736.7,2.7,37.2
2017-01-01 00:10:00,555.1,677.8,633.6,567.0,782.6,696.2,2.9,33.2
2017-01-01 01:10:00,538.2,666.7,609.8,551.1,776.4,676.5,2.7,32.8
2017-01-01 02:10:00,535.0,643.6,561.1,541.7,788.2,670.3,2.8,31.5
2017-01-01 03:10:00,528.0,604.2,504.0,530.1,773.7,644.4,2.7,29.7
2017-01-01 04:10:00,513.3,601.6,474.3,508.8,777.2,628.5,2.7,28.5
2017-01-01 05:10:00,494.2,600.2,488.3,521.8,800.2,634.3,2.9,29.4
2017-01-01 06:10:00,531.5,615.8,489.2,520.3,788.6,646.0,2.9,30.1
2017-01-01 07:10:00,526.2,599.5,482.3,509.6,772.3,645.0,2.9,29.7
2017-01-01 08:10:00,532.6,631.9,506.0,512.9,782.1,647.0,2.5,31.5
2017-01-01 09:10:00,509.3,661.1,577.6,517.7,800.6,678.4,2.7,32.8
2017-01-01 10:10:00,512.5,688.6,635.0,545.1,809.6,692.5,2.7,33.7
2017-01-01 11:10:00,506.7,708.4,659.5,558.8,820.5,689.5,2.7,32.8
2017-01-01 12:10:00,500.2,723.9,674.3,560.2,833.3,695.1,3.0,31.6
2017-01-01 13:10:00,502.3,714.7,671.1,546.7,812.8,695.3,2.7,32.2
2017-01-01 14:10:00,480.9,725.6,682.0,523.4,811.0,695.5,2.6,32.0
2017-01-01 15:10:00,499.1,720.3,688.1,534.8,804.7,708.0,2.9,31.7
2017-01-01 16:10:00,500.3,719.5,699.1,554.6,820.2,714.5,2.9,34.0
2017-01-01 17:10:00,503.9,740.8,721.7,559.7,854.9,745.7,2.7,37.1
2017-01-01 18:10:00,564.4,798.9,784.0,611.5,908.7,808.6,2.7,40.9
2017-01-01 19:10:00,594.4,799.6,719.4,619.4,923.7,781.4,2.7,39.9
2017-01-01 20:10:00,594.0,797.5,718.9,609.8,915.3,783.4,2.4,39.9
2017-01-01 21:10:00,594.8,803.0,724.8,614.0,918.1,783.3,2.5,40.0
2017-01-01 22:10:00,575.4,779.6,706.7,594.8,913.4,784.7,2.5,38.8
2017-01-01 23:10:00,517.0,723.5,691.3,573.5,849.5,727.2,2.5,36.2
2017-01-02 00:10:00,525.5,680.0,601.8,540.4,822.2,698.7,2.7,33.0
2017-01-02 01:10:00,522.0,635.7,518.0,516.2,829.1,690.1,2.8,30.0
2017-01-02 02:10:00,518.7,609.2,471.0,500.2,826.9,680.7,2.5,29.0
2017-01-02 03:10:00,478.1,594.1,464.4,484.8,829.6,668.4,3.0,27.7
2017-01-02 04:10:00,451.0,574.6,469.6,504.2,819.1,636.3,2.8,27.4
2017-01-02 05:10:00,454.0,580.1,479.5,497.0,809.9,641.7,2.9,27.6
2017-01-02 06:10:00,505.5,601.2,469.3,521.7,809.5,634.9,2.6,29.0
2017-01-02 07:10:00,527.9,613.1,465.8,517.0,816.4,654.0,2.6,28.5
2017-01-02 08:10:00,523.4,654.6,562.3,545.8,819.6,676.7,2.5,30.7
2017-01-02 09:10:00,520.9,725.5,653.7,558.5,858.3,719.2,2.3,32.0
2017-01-02 10:10:00,553.5,754.6,671.3,571.8,862.8,731.3,2.7,32.7
2017-01-02 11:10:00,573.0,790.3,676.2,567.5,893.4,754.1,2.6,33.3
2017-01-02 12:10:00,535.2,789.3,684.4,554.9,918.3,763.4,2.7,32.9
2017-01-02 13:10:00,538.9,788.3,672.5,561.0,913.5,745.6,2.8,32.8
2017-01-02 14:10:00,571.2,791.9,676.7,572.7,917.6,770.5,2.6,33.0
2017-01-02 15:10:00,564.3,793.1,679.8,578.0,911.5,753.1,2.6,34.0
2017-01-02 16:10:00,576.8,795.6,701.6,587.8,908.1,771.2,2.6,34.5
2017-01-02 17:10:00,611.5,830.9,702.4,602.2,946.8,792.8,2.7,37.4
2017-01-02 18:10:00,634.6,880.2,824.4,654.2,952.2,838.5,2.8,41.1
2017-01-02 19:10:00,636.5,876.5,797.0,655.6,956.5,821.1,2.7,39.6
2017-01-02 20:10:00,639.1,872.6,786.4,652.1,961.3,824.1,2.9,40.8
2017-01-02 21:10:00,644.3,873.3,747.6,641.4,965.3,806.0,2.7,39.2
2017-01-02 22:10:00,613.9,812.2,701.9,620.9,935.2,784.5,2.6,36.1
2017-01-02 23:10:00,617.7,767.6,667.7,612.3,874.8,749.5,2.8,33.6
2017-01-03 00:10:00,594.7,713.2,568.4,577.2,879.6,724.1,2.6,30.8
2017-01-03 01:10:00,576.0,676.7,546.4,564.0,831.6,687.0,2.5,28.8
2017-01-03 02:10:00,583.9,646.5,491.8,533.5,791.4,662.4,2.7,27.4
2017-01-03 03:10:00,586.2,631.2,453.9,514.0,812.7,683.0,2.7,27.3
2017-01-03 04:10:00,587.9,624.7,434.8,528.9,815.7,660.3,2.7,27.2
2017-01-03 05:10:00,584.9,637.4,441.1,530.1,833.1,665.6,2.5,28.4
2017-01-03 06:10:00,581.4,665.2,452.1,553.1,891.0,679.4,2.5,29.4
2017-01-03 07:10:00,629.9,735.0,463.8,568.5,943.8,706.0,2.5,30.4
2017-01-03 08:10:00,694.2,864.0,660.6,662.7,998.0,796.4,2.4,32.1
2017-01-03 09:10:00,755.2,953.0,736.5,700.2,1033.1,840.0,2.1,33.8
2017-01-03 10:10:00,751.8,986.4,736.5,710.5,1110.5,869.2,2.0,34.7
2017-01-03 11:10:00,773.1,1027.7,740.7,709.6,1158.6,902.2,2.3,35.3
2017-01-03 12:10:00,710.9,993.3,733.9,674.9,1130.5,874.9,2.3,34.6
2017-01-03 13:10:00,704.7,965.0,700.3,664.1,1114.4,858.4,2.3,34.2
2017-01-03 14:10:00,756.2,1011.3,740.3,715.1,1172.3,909.4,0.5,33.6
2017-01-03 15:10:00,763.1,1021.1,736.3,723.4,1196.8,917.8,0.4,34.3
2017-01-03 16:10:00,765.0,1014.3,772.6,726.9,1156.9,918.2,0.5,35.5
2017-01-03 17:10:00,773.5,1022.5,759.9,729.2,1150.9,895.2,0.3,37.9
2017-01-03 18:10:00,781.6,1042.4,818.1,745.2,1164.2,937.1,0.4,39.6
2017-01-03 19:10:00,783.9,1018.0,778.7,743.7,1158.3,921.0,0.3,38.4
2017-01-03 20:10:00,768.8,996.4,743.0,728.8,1150.1,898.5,0.3,38.5
2017-01-03 21:10:00,750.8,952.9,733.2,705.5,1077.0,865.2,0.5,37.8
2017-01-03 22:10:00,695.6,901.8,730.8,674.4,1030.2,845.2,0.4,35.7
2017-01-03 23:10:00,665.1,867.2,723.2,662.7,975.2,801.0,0.2,32.8
2017-01-04 00:10:00,677.8,778.2,541.5,624.2,965.3,753.0,0.5,29.6
2017-01-04 01:10:00,621.1,742.1,508.8,603.0,968.9,727.6,0.4,26.5
2017-01-04 02:10:00,602.8,707.0,494.2,591.7,937.8,710.2,0.4,26.2
2017-01-04 03:10:00,597.8,686.8,484.4,562.8,899.8,707.1,0.2,25.5
2017-01-04 04:10:00,601.3,684.1,460.8,563.3,898.2,688.0,0.5,25.4
2017-01-04 05:10:00,610.8,676.7,465.6,576.7,892.2,689.1,0.4,26.4
2017-01-04 06:10:00,596.8,707.0,506.7,589.8,920.9,700.1,0.4,27.8
2017-01-04 07:10:00,622.4,761.9,522.5,622.2,987.1,719.4,0.5,29.1
2017-01-04 08:10:00,690.2,850.3,655.1,677.4,979.3,766.9,0.4,30.4
2017-01-04 09:10:00,791.0,974.0,744.4,744.4,1059.5,844.5,0.2,32.3
2017-01-04 10:10:00,791.3,1012.8,715.5,731.8,1140.4,869.7,2.3,35.1
2017-01-04 11:10:00,804.4,1043.9,744.1,744.6,1158.7,885.3,2.5,35.9
2017-01-04 12:10:00,718.4,1024.7,735.6,705.1,1165.5,857.6,2.6,34.6
2017-01-04 13:10:00,736.1,984.4,694.5,698.2,1131.7,847.9,2.4,34.1
2017-01-04 14:10:00,826.3,1037.0,726.4,740.7,1152.9,895.0,2.5,35.5
2017-01-04 15:10:00,839.8,1045.4,723.9,743.1,1145.7,886.5,2.4,36.8
2017-01-04 16:10:00,837.1,1050.0,745.5,760.1,1154.7,892.3,2.5,37.3
2017-01-04 17:10:00,840.6,1038.9,746.3,740.9,1137.8,907.7,2.4,39.5
2017-01-04 18:10:00,838.8,1048.6,803.2,773.4,1155.3,936.2,2.5,41.6
2017-01-04 19:10:00,829.1,1029.3,768.2,764.4,1147.7,912.0,2.4,41.7
2017-01-04 20:10:00,821.6,995.4,724.1,740.1,1122.3,893.6,2.4,41.3
2017-01-04 21:10:00,818.0,967.6,722.3,717.5,1055.5,872.9,2.4,40.3
2017-01-04 22:10:00,725.9,905.7,718.8,673.8,1006.1,837.0,2.5,36.8
2017-01-04 23:10:00,714.8,864.8,664.2,652.4,990.4,819.7,2.5,34.9
2017-01-05 00:10:00,680.8,788.7,592.0,625.4,941.1,771.1,2.6,31.3
2017-01-05 01:10:00,610.4,734.8,537.5,601.1,957.9,742.8,2.6,29.6
2017-01-05 02:10:00,610.9,708.5,487.7,588.5,947.5,723.1,2.5,28.5
2017-01-05 03:10:00,615.6,681.2,455.7,590.4,929.5,704.1,2.5,27.7
2017-01-05 04:10:00,627.8,673.7,457.8,575.7,898.0,708.7,2.5,27.9
2017-01-05 05:10:00,628.5,688.7,462.1,575.9,906.7,706.4,2.3,28.6
2017-01-05 06:10:00,639.3,707.6,467.9,589.3,934.9,717.6,2.5,30.2
2017-01-05 07:10:00,675.8,757.6,483.2,610.6,986.9,749.7,2.4,30.4
2017-01-05 08:10:00,726.7,902.0,680.8,691.7,1027.6,810.5,2.3,33.1
2017-01-05 09:10:00,802.7,980.4,712.1,728.8,1080.2,852.3,2.4,35.8
2017-01-05 10:10:00,805.2,1011.4,712.1,720.0,1124.8,876.8,2.5,36.3
2017-01-05 11:10:00,855.0,1049.0,715.7,740.1,1147.6,893.5,2.4,38.2
2017-01-05 12:10:00,745.2,979.4,658.8,663.3,1107.8,835.9,2.4,35.6
2017-01-05 13:10:00,759.4,983.8,686.6,684.9,1110.8,855.4,2.4,35.2
2017-01-05 14:10:00,854.8,1042.1,708.0,734.8,1148.0,899.6,2.5,36.7
2017-01-05 15:10:00,864.7,1040.4,705.2,738.0,1139.1,895.6,2.2,37.2
2017-01-05 16:10:00,881.0,1043.5,713.5,743.2,1123.7,898.8,2.0,34.8
2017-01-05 17:10:00,886.3,1049.2,718.0,741.4,1120.2,897.8,2.3,38.5
2017-01-05 18:10:00,885.8,1059.9,795.6,781.9,1121.3,922.1,2.3,41.2
2017-01-05 19:10:00,890.0,1032.9,729.4,764.1,1122.5,906.4,2.4,40.9
2017-01-05 20:10:00,877.8,1003.2,730.4,753.4,1087.6,899.7,2.2,41.6
2017-01-05 21:10:00,870.8,964.4,724.5,727.2,1011.1,877.6,2.3,39.5
2017-01-05 22:10:00,799.2,916.7,718.8,697.7,985.0,853.6,2.4,37.4
2017-01-05 23:10:00,748.6,858.8,686.3,673.0,940.6,811.8,2.3,34.2
2017-01-06 00:10:00,714.4,801.2,627.8,639.1,910.6,783.5,2.6,31.6
2017-01-06 01:10:00,689.0,740.1,538.0,612.4,895.8,743.1,2.2,29.5
2017-01-06 02:10:00,665.1,723.7,486.1,572.0,912.7,741.9,2.1,28.5
2017-01-06 03:10:00,660.8,690.0,457.3,571.6,891.6,722.6,2.5,28.2
2017-01-06 04:10:00,662.9,683.7,448.6,578.0,877.7,702.5,2.3,27.2
2017-01-06 05:10:00,654.9,699.2,455.6,574.6,892.1,703.6,2.5,27.7
2017-01-06 06:10:00,651.3,717.4,513.7,588.2,904.4,737.1,2.4,29.1
2017-01-06 07:10:00,697.5,772.8,540.8,613.6,933.6,757.9,2.2,29.8
2017-01-06 08:10:00,713.7,856.2,655.6,654.4,962.1,792.1,2.6,31.2
2017-01-06 09:10:00,826.0,970.4,713.2,718.9,1037.7,856.4,2.7,33.9
2017-01-06 10:10:00,849.5,1020.7,723.3,723.4,1114.0,909.6,2.5,35.6
2017-01-06 11:10:00,814.6,1046.7,751.1,730.3,1158.0,917.5,6.6,35.9
2017-01-06 12:10:00,807.4,1030.7,707.4,687.4,1135.7,899.3,2.1,35.2
2017-01-06 13:10:00,781.3,994.8,699.5,683.6,1113.9,884.3,1.9,34.0
2017-01-06 14:10:00,805.9,1049.3,764.7,728.9,1163.6,922.2,2.0,35.8
2017-01-06 15:10:00,809.9,1044.2,747.6,735.6,1173.6,915.9,2.0,37.4
2017-01-06 16:10:00,796.9,1044.8,764.9,725.3,1169.5,925.8,2.0,37.3
2017-01-06 17:10:00,780.7,1028.1,754.0,720.2,1157.7,907.5,2.0,38.6
2017-01-06 18:10:00,782.5,1037.8,825.7,749.5,1146.0,932.6,6.2,40.4
2017-01-06 19:10:00,798.4,1007.7,743.0,744.8,1145.9,901.4,6.1,39.4
2017-01-06 20:10:00,824.1,974.7,711.9,729.0,1096.6,892.3,2.2,38.7
2017-01-06 21:10:00,825.2,952.5,699.7,707.8,1036.5,865.0,2.4,38.3
2017-01-06 22:10:00,807.5,908.7,696.8,685.3,959.7,835.4,2.3,36.8
2017-01-06 23:10:00,715.5,861.0,719.7,679.6,947.5,810.0,2.4,34.4
2017-01-07 00:10:00,676.8,807.9,656.0,643.7,918.4,770.4,2.2,31.4
2017-01-07 01:10:00,674.7,746.9,539.1,613.4,915.7,742.2,2.4,29.3
2017-01-07 02:10:00,671.7,715.5,479.2,588.5,909.9,731.0,2.2,27.9
2017-01-07 03:10:00,635.0,695.0,473.0,597.3,918.4,709.0,2.3,27.5
2017-01-07 04:10:00,621.1,672.4,437.5,576.8,910.2,694.6,2.3,27.2
2017-01-07 05:10:00,635.8,690.8,440.4,569.0,909.8,700.8,2.3,27.7
2017-01-07 06:10:00,640.4,692.0,457.9,587.3,918.7,710.8,2.0,28.8
2017-01-07 07:10:00,626.0,715.6,464.0,588.8,944.5,704.3,2.3,28.2
2017-01-07 08:10:00,610.1,746.8,563.1,618.9,949.7,728.5,2.1,30.7
2017-01-07 09:10:00,654.3,819.4,663.5,634.0,936.5,770.0,2.2,33.2
2017-01-07 10:10:00,654.8,876.8,689.0,656.2,1022.3,800.1,2.1,35.1
2017-01-07 11:10:00,660.5,894.4,703.2,674.0,1060.7,823.0,3.0,35.9
2017-01-07 12:10:00,584.3,913.3,734.6,650.4,1091.3,818.0,7.4,35.9
2017-01-07 13:10:00,570.2,888.5,709.2,633.5,1075.3,800.4,3.1,35.3
2017-01-07 14:10:00,589.4,888.6,714.8,647.9,1083.5,818.2,3.0,36.0
2017-01-07 15:10:00,604.4,863.7,726.0,669.3,1031.7,796.0,3.4,36.3
2017-01-07 16:10:00,585.9,875.4,747.9,666.5,1053.5,812.9,3.4,36.0
2017-01-07 17:10:00,657.0,887.2,736.0,672.9,1019.0,817.6,3.0,37.3
2017-01-07 18:10:00,705.3,920.3,768.0,700.4,1059.4,872.9,3.2,42.3
2017-01-07 19:10:00,703.1,906.7,740.0,700.3,1053.4,851.8,3.3,41.0
2017-01-07 20:10:00,691.5,899.4,732.7,675.8,1022.1,834.4,3.3,40.0
2017-01-07 21:10:00,711.3,890.9,750.8,689.1,973.2,818.6,3.2,39.8
2017-01-07 22:10:00,699.3,856.3,741.8,666.7,925.2,808.2,3.1,38.2
2017-01-07 23:10:00,608.3,818.9,737.0,638.1,918.2,774.9,3.4,35.0
2017-01-08 00:10:00,579.3,764.4,686.7,602.3,870.8,741.0,3.4,32.5
2017-01-08 01:10:00,586.1,712.1,586.4,582.9,844.3,695.0,3.1,30.0
2017-01-08 02:10:00,559.9,680.5,505.6,548.9,849.7,660.5,3.1,28.5
2017-01-08 03:10:00,536.1,638.6,503.0,562.6,857.6,671.1,3.2,27.7
2017-01-08 04:10:00,513.6,645.3,509.7,557.9,855.0,650.7,3.2,27.7
2017-01-08 05:10:00,505.5,636.7,509.4,547.8,849.0,654.9,3.4,27.9
2017-01-08 06:10:00,521.3,663.0,513.2,536.0,868.1,676.8,3.2,29.9
2017-01-08 07:10:00,529.3,656.8,512.2,550.7,862.0,670.0,3.2,29.2
2017-01-08 08:10:00,510.1,684.1,547.8,567.6,873.3,651.9,3.2,30.9
2017-01-08 09:10:00,517.9,736.9,644.3,578.8,880.5,701.5,7.1,32.6
2017-01-08 10:10:00,477.1,765.5,697.7,585.1,912.9,706.8,3.0,33.3
2017-01-08 11:10:00,522.5,783.5,696.2,589.6,918.9,733.2,2.9,34.2
2017-01-08 12:10:00,504.1,791.6,700.1,579.3,930.2,733.0,3.0,33.5
2017-01-08 13:10:00,513.8,789.9,691.2,583.0,936.5,736.9,2.9,34.5
2017-01-08 14:10:00,497.9,779.4,696.7,575.4,927.1,735.4,3.1,34.4
2017-01-08 15:10:00,516.7,789.9,695.9,577.4,912.0,725.8,2.9,34.5
2017-01-08 16:10:00,515.5,799.0,704.6,578.8,935.3,745.0,2.6,35.3
2017-01-08 17:10:00,606.3,820.9,690.5,601.4,920.3,759.4,2.8,38.1
2017-01-08 18:10:00,663.5,864.0,766.3,662.4,950.8,816.8,3.9,41.3
2017-01-08 19:10:00,665.5,862.2,759.6,652.0,925.2,799.9,3.7,39.9
2017-01-08 20:10:00,699.7,856.1,733.3,653.1,925.8,812.3,3.6,40.8
2017-01-08 21:10:00,686.9,851.3,717.0,647.2,922.2,790.9,3.1,39.7
2017-01-08 22:10:00,626.6,805.4,716.6,634.8,909.3,778.5,3.0,36.9
2017-01-08 23:10:00,592.5,741.4,653.1,601.2,875.1,747.8,3.3,33.6
2017-01-09 00:10:00,570.9,694.6,567.2,557.8,859.8,717.1,3.0,31.2
2017-01-09 01:10:00,516.7,662.1,520.1,536.6,878.7,689.5,2.9,30.3
2017-01-09 02:10:00,478.0,621.6,503.6,535.6,875.7,675.3,3.3,28.1
2017-01-09 03:10:00,484.6,613.3,468.1,522.4,850.2,642.5,3.1,27.8
2017-01-09 04:10:00,483.1,606.4,471.4,514.5,834.4,642.7,2.9,28.2
2017-01-09 05:10:00,491.3,624.6,474.7,518.4,850.6,647.7,2.8,28.7
2017-01-09 06:10:00,513.4,635.1,493.9,535.2,863.1,674.1,3.1,29.1
2017-01-09 07:10:00,619.8,715.2,494.7,557.0,901.1,715.2,3.0,31.2
2017-01-09 08:10:00,680.6,810.3,636.7,620.2,896.1,754.1,2.9,31.9
2017-01-09 09:10:00,827.8,928.1,695.8,698.1,967.2,833.0,3.0,34.5
2017-01-09 10:10:00,821.4,963.8,697.6,690.5,1030.7,863.6,3.0,34.8
2017-01-09 11:10:00,829.9,996.1,748.9,703.4,1051.4,898.2,3.0,35.6
2017-01-09 12:10:00,705.9,965.0,760.9,668.0,1076.3,878.7,2.7,34.0
2017-01-09 13:10:00,687.2,924.8,730.7,662.3,1050.8,851.8,2.5,32.4
2017-01-09 14:10:00,737.6,973.2,762.2,711.1,1114.2,896.9,2.6,35.4
2017-01-09 15:10:00,744.8,987.8,773.9,705.8,1116.5,907.5,2.6,36.7
2017-01-09 16:10:00,784.9,988.4,775.9,721.8,1084.1,901.0,2.6,36.3
2017-01-09 17:10:00,804.6,984.6,780.1,709.1,1051.0,905.4,2.6,39.3
2017-01-09 18:10:00,835.7,1010.9,819.0,739.4,1072.9,938.6,2.6,41.2
2017-01-09 19:10:00,825.6,985.7,806.9,734.9,1048.5,922.2,2.6,40.9
2017-01-09 20:10:00,787.8,961.2,798.0,718.8,1032.1,902.2,4.4,40.2
2017-01-09 21:10:00,770.3,943.2,795.0,695.2,995.4,887.8,4.7,39.3
2017-01-09 22:10:00,723.8,893.9,786.1,667.2,931.3,847.6,4.3,36.7
2017-01-09 23:10:00,673.7,836.2,770.5,642.9,882.0,816.5,4.0,34.5
2017-01-10 00:10:00,643.5,768.0,644.4,599.7,858.6,750.2,2.6,31.0
2017-01-10 01:10:00,636.6,710.5,549.4,586.9,865.9,728.2,2.6,28.9
2017-01-10 02:10:00,610.0,694.3,521.4,571.4,870.3,710.6,2.6,28.0
2017-01-10 03:10:00,608.5,660.8,493.5,565.6,859.6,710.1,2.6,27.7
2017-01-10 04:10:00,590.5,646.5,485.1,557.5,845.8,693.1,2.6,26.8
2017-01-10 05:10:00,600.6,668.3,498.8,563.6,868.0,710.0,2.6,28.1
2017-01-10 06:10:00,610.9,699.9,530.8,570.8,876.3,721.0,2.6,29.0
2017-01-10 07:10:00,632.4,729.5,575.2,591.9,879.3,737.8,2.6,30.3
2017-01-10 08:10:00,665.5,819.7,726.3,636.1,874.6,781.3,2.5,31.7
2017-01-10 09:10:00,787.7,931.8,765.8,709.3,957.9,840.5,2.6,32.4
2017-01-10 10:10:00,725.6,962.3,762.1,703.7,1072.3,864.8,2.6,31.8
2017-01-10 11:10:00,743.7,992.2,774.3,713.9,1104.3,886.2,3.0,32.9
2017-01-10 12:10:00,689.4,969.1,751.3,673.3,1097.3,867.4,2.7,30.9
2017-01-10 13:10:00,669.5,931.9,739.5,664.8,1055.8,840.5,2.5,30.2
2017-01-10 14:10:00,757.1,981.7,772.4,720.4,1105.3,902.9,2.6,32.3
2017-01-10 15:10:00,756.7,980.1,768.1,725.9,1101.4,890.2,3.3,33.3
2017-01-10 16:10:00,817.0,992.6,768.7,730.8,1066.5,898.4,3.2,33.5
2017-01-10 17:10:00,809.0,990.0,780.1,718.5,1063.5,910.4,3.2,36.8
2017-01-10 18:10:00,785.9,1017.4,864.8,752.6,1097.2,941.3,3.4,40.0
2017-01-10 19:10:00,788.6,991.3,802.8,747.4,1102.5,918.3,3.3,40.2
2017-01-10 20:10:00,802.2,971.3,781.7,738.6,1076.0,912.7,3.0,40.3
2017-01-10 21:10:00,804.0,936.7,725.6,700.6,1023.2,880.7,4.5,39.2
2017-01-10 22:10:00,754.6,891.6,721.1,677.6,971.4,845.8,4.3,36.3
2017-01-10 23:10:00,741.2,843.6,707.9,664.4,905.1,815.8,4.3,34.6
2017-01-11 00:10:00,691.6,780.4,654.6,615.7,850.2,772.9,3.3,30.7
2017-01-11 01:10:00,656.4,724.1,580.5,584.6,832.2,734.7,3.1,29.0
2017-01-11 02:10:00,657.1,694.2,505.5,567.0,833.2,710.1,3.3,27.9
2017-01-11 03:10:00,651.7,670.2,482.7,570.1,835.6,705.3,3.2,27.6
2017-01-11 04:10:00,646.3,659.4,476.1,576.1,828.7,692.0,3.4,27.0
2017-01-11 05:10:00,645.4,670.5,481.8,555.1,827.7,705.0,3.3,27.7
2017-01-11 06:10:00,642.0,704.5,497.2,568.3,898.2,737.2,3.0,30.4
2017-01-11 07:10:00,707.3,765.9,542.5,599.7,892.3,748.3,2.9,31.1
2017-01-11 08:10:00,717.4,842.1,638.4,657.9,948.6,776.6,3.3,31.3
2017-01-11 09:00:00,813.7,948.2,764.3,708.3,961.6,851.2,2.6,34.5
2017-01-11 10:10:00,788.4,979.9,751.4,715.3,1062.1,874.9,2.6,34.4
2017-01-11 11:10:00,817.6,998.0,755.3,723.4,1079.9,898.3,2.5,35.5
2017-01-11 12:10:00,761.1,980.7,728.2,677.4,1077.8,877.6,2.6,34.0
2017-01-11 13:10:00,764.4,940.5,674.0,654.6,1069.1,882.2,2.4,32.6
2017-01-11 14:10:00,786.1,1010.8,774.4,694.1,1116.5,939.5,2.5,35.1
2017-01-11 15:10:00,804.0,1013.4,779.8,706.3,1109.7,939.5,2.5,36.8
2017-01-11 16:10:00,842.5,1013.2,777.9,723.6,1075.9,924.7,2.5,37.3
2017-01-11 17:10:00,861.4,1007.4,790.1,722.8,1033.2,918.4,2.5,38.6
2017-01-11 18:10:00,917.8,1025.3,777.5,760.9,1077.3,948.4,2.5,40.4
2017-01-11 19:10:00,903.7,1007.2,765.1,750.5,1050.6,922.7,2.5,41.5
2017-01-11 20:10:00,892.6,971.8,758.0,727.5,987.9,900.8,2.5,40.8
2017-01-11 21:10:00,868.3,948.1,770.4,706.1,944.1,891.7,2.5,39.4
2017-01-11 22:10:00,807.3,894.2,758.2,680.8,881.8,838.2,2.5,36.6
2017-01-11 23:10:00,757.9,855.2,754.8,670.8,867.6,822.7,3.2,34.9
2017-01-12 00:10:00,703.1,769.7,637.8,627.3,855.9,771.7,3.2,31.2
2017-01-12 01:10:00,669.2,727.8,568.5,602.6,861.0,742.2,3.2,29.2
2017-01-12 02:10:00,668.8,706.6,507.4,581.3,857.0,721.8,3.2,26.6
2017-01-12 03:10:00,646.8,669.5,484.0,574.0,851.8,716.0,3.2,26.4
2017-01-12 04:10:00,614.9,673.4,481.7,569.1,873.7,705.1,3.1,25.8
2017-01-12 05:10:00,624.5,677.3,495.5,576.8,873.0,714.9,3.4,27.3
2017-01-12 06:10:00,672.1,714.3,518.0,596.4,873.5,726.6,2.9,29.3
2017-01-12 07:10:00,676.1,778.6,555.5,614.9,935.9,746.8,3.3,30.5
2017-01-12 08:10:00,720.5,847.1,689.3,679.3,925.4,780.6,3.2,31.6
2017-01-12 09:10:00,837.1,967.3,763.6,716.6,973.3,858.9,3.1,34.4
2017-01-12 10:10:00,827.9,992.1,762.1,730.4,1056.4,891.9,2.8,34.8
2017-01-12 11:10:00,816.9,1019.0,778.6,739.5,1114.6,922.9,2.7,31.4
2017-01-12 12:10:00,767.9,1002.8,718.5,692.0,1130.1,889.3,2.8,35.2
2017-01-12 13:10:00,741.5,959.0,721.1,691.7,1084.4,865.3,2.3,33.3
2017-01-12 14:10:00,789.7,1013.3,776.3,735.2,1113.8,898.4,2.4,35.2
2017-01-12 15:10:00,799.5,1013.4,782.9,731.8,1093.2,898.4,4.4,36.3
2017-01-12 16:10:00,797.6,1012.1,796.9,733.8,1090.1,903.4,2.4,37.7
2017-01-12 17:10:00,798.0,1013.0,796.1,698.5,1113.8,959.7,2.4,39.0
2017-01-12 18:10:00,830.1,1029.2,829.1,744.1,1133.7,981.7,3.4,41.2
2017-01-12 19:10:00,813.5,1006.7,789.8,725.2,1129.0,963.3,3.5,40.6
2017-01-12 20:10:00,803.6,972.5,778.3,715.5,1087.2,944.8,3.5,39.9
2017-01-12 21:10:00,783.5,948.4,753.0,680.3,1056.3,927.4,2.4,39.0
2017-01-12 22:10:00,735.9,894.3,745.7,657.9,1012.5,908.0,2.4,36.4
2017-01-12 23:10:00,704.8,852.9,717.0,648.7,995.5,883.2,2.4,34.9
2017-01-13 00:10:00,705.2,785.9,621.1,607.9,929.0,831.9,2.4,31.9
2017-01-13 01:10:00,649.3,721.7,615.4,584.9,874.2,805.3,2.4,29.3
2017-01-13 02:10:00,657.5,704.2,548.4,556.8,867.0,785.8,2.4,28.5
2017-01-13 03:10:00,635.7,678.2,530.0,548.8,865.9,779.5,2.4,27.7
2017-01-13 04:10:00,608.2,674.9,526.0,537.0,860.6,757.4,2.4,27.9
2017-01-13 05:10:00,584.9,672.0,536.8,539.4,884.9,769.5,2.4,27.9
2017-01-13 06:10:00,633.7,705.3,571.6,551.7,858.8,779.1,2.4,30.4
2017-01-13 07:10:00,641.3,768.6,597.7,578.4,944.7,807.4,2.4,31.7
2017-01-13 08:10:00,642.3,846.9,718.0,625.0,976.8,835.1,2.3,32.4
2017-01-13 09:10:00,745.7,948.6,798.7,677.7,1003.4,889.7,2.4,34.3
2017-01-13 10:10:00,754.4,980.9,794.6,687.0,1068.4,917.1,2.4,34.8
2017-01-13 11:10:00,782.7,1009.1,791.8,699.3,1091.4,925.4,2.5,34.6
2017-01-13 12:10:00,757.8,980.6,737.0,645.3,1076.5,913.5,2.6,34.4
2017-01-13 13:10:00,761.4,937.9,688.7,648.8,1057.7,891.0,2.4,32.6
2017-01-13 14:10:00,813.3,993.9,778.2,689.5,1055.0,930.5,2.5,35.1
2017-01-13 15:10:00,821.3,989.7,780.5,695.0,1035.1,918.3,2.5,36.4
2017-01-13 16:10:00,841.3,992.9,773.0,704.5,1041.4,925.1,3.2,36.4
2017-01-13 17:10:00,831.2,992.1,783.7,723.5,1043.0,907.1,3.2,38.3
2017-01-13 18:10:00,853.5,986.2,783.7,733.0,1031.1,915.1,5.9,40.0
2017-01-13 19:10:00,823.3,959.7,788.7,731.3,1009.7,897.2,6.0,39.4
2017-01-13 20:10:00,784.8,945.1,797.3,725.5,997.1,876.5,5.9,38.1
2017-01-13 21:10:00,774.3,919.8,761.7,700.1,973.6,859.1,6.0,36.7
2017-01-13 22:10:00,717.6,886.0,780.6,669.6,931.2,840.1,3.0,36.7
2017-01-13 23:10:00,696.2,852.4,728.9,649.8,916.2,807.8,2.9,34.2
2017-01-14 00:10:00,657.6,787.9,662.8,612.7,863.1,754.3,2.5,31.0
2017-01-14 01:10:00,645.7,722.6,579.1,582.3,841.6,735.2,2.7,29.0
2017-01-14 02:10:00,608.4,695.7,554.2,575.7,842.2,708.0,2.5,27.8
2017-01-14 03:10:00,614.8,667.3,504.8,569.0,838.2,696.3,2.5,27.8
2017-01-14 04:10:00,600.2,650.3,501.8,561.8,827.5,692.3,2.5,27.7
2017-01-14 05:10:00,584.7,654.7,508.7,552.7,834.3,695.2,2.5,27.5
2017-01-14 06:10:00,588.6,670.6,532.5,510.2,835.3,749.4,2.6,28.7
2017-01-14 07:10:00,630.5,703.6,542.1,503.2,833.1,771.3,2.5,30.2
2017-01-14 16:10:00,600.7,824.1,744.0,588.6,943.2,847.4,5.9,33.7
2017-01-14 17:10:00,625.1,833.7,736.9,588.2,952.3,863.6,5.9,34.7
2017-01-14 18:10:00,663.2,873.0,779.3,667.6,1009.1,878.1,5.9,38.7
2017-01-14 19:10:00,661.6,866.5,730.2,660.0,999.6,833.1,5.9,37.7
2017-01-14 20:10:00,652.8,873.2,731.6,661.7,1022.2,837.4,3.6,37.9
2017-01-14 21:10:00,648.7,865.7,730.8,643.9,977.3,814.1,3.7,36.7
2017-01-14 22:10:00,661.6,835.4,725.8,649.8,931.6,801.4,3.7,35.9
2017-01-14 23:10:00,632.4,810.8,708.8,626.2,902.2,775.9,3.3,33.8
2017-01-15 00:10:00,559.0,757.4,654.0,588.6,881.4,720.6,3.0,30.7
2017-01-15 01:10:00,579.3,702.5,545.4,556.3,862.6,703.2,3.2,28.5
2017-01-15 02:10:00,564.8,676.8,501.4,542.6,855.0,677.5,3.3,27.6
2017-01-15 03:10:00,538.7,646.6,475.1,531.2,857.4,670.1,3.3,26.5
2017-01-15 04:10:00,487.6,636.0,469.4,519.9,874.1,652.1,3.3,26.4
2017-01-15 05:10:00,518.9,641.1,455.1,524.9,872.6,656.8,3.3,27.1
2017-01-15 06:10:00,505.0,645.0,480.5,520.3,874.5,668.9,3.0,28.8
2017-01-15 07:10:00,508.3,657.9,488.9,519.6,878.5,671.6,2.5,29.2
2017-01-15 08:10:00,527.2,677.6,518.2,537.3,870.6,673.7,2.5,29.9
2017-01-15 09:10:00,530.8,721.8,600.2,544.5,872.6,707.3,2.5,32.5
2017-01-15 10:10:00,541.6,757.0,645.0,549.2,853.6,704.6,2.5,32.0
2017-01-15 11:10:00,521.0,767.3,683.8,562.8,868.6,713.3,3.3,33.3
2017-01-15 12:10:00,528.8,780.2,693.1,564.0,886.9,734.9,3.3,33.0
2017-01-15 13:10:00,519.8,767.0,675.7,560.0,887.7,727.2,3.3,32.3
2017-01-15 14:10:00,523.9,772.1,681.5,558.3,864.3,710.1,3.3,32.5
2017-01-15 15:10:00,515.3,765.2,682.7,567.6,882.5,717.5,3.3,33.5
2017-01-15 16:10:00,528.8,788.5,709.8,576.6,892.0,734.7,3.3,34.1
2017-01-15 17:10:00,568.0,814.0,732.8,603.8,910.2,760.0,3.2,36.4
2017-01-15 18:10:00,607.9,864.6,826.5,650.2,936.4,822.2,6.6,40.4
2017-01-15 19:10:00,604.1,856.7,811.5,650.3,928.8,805.5,6.6,38.6
2017-01-15 20:10:00,619.9,867.0,807.2,646.7,941.1,821.4,6.6,39.7
2017-01-15 21:10:00,606.2,881.9,811.3,648.9,946.0,796.7,3.8,39.8
2017-01-15 22:10:00,612.1,833.6,754.7,643.5,922.3,778.7,3.7,37.1
2017-01-15 23:10:00,612.9,790.8,690.7,604.3,857.7,735.2,3.9,34.9
2017-01-16 00:10:00,592.8,727.7,604.2,559.1,831.3,713.6,3.6,31.5
2017-01-16 01:10:00,599.6,674.2,490.9,544.8,828.4,675.0,3.6,28.6
2017-01-16 02:10:00,588.1,635.3,433.7,534.1,824.6,653.1,3.9,27.8
2017-01-16 03:10:00,536.0,605.5,427.0,519.4,826.1,640.9,3.6,26.9
2017-01-16 04:10:00,534.9,611.1,436.3,517.2,816.1,635.7,3.3,26.7
2017-01-16 05:10:00,547.3,619.8,438.5,514.5,820.1,648.1,3.2,26.8
2017-01-16 06:10:00,585.9,653.9,462.2,517.9,822.6,672.3,3.2,29.9
2017-01-16 07:10:00,644.5,728.9,519.3,561.4,873.2,719.2,3.3,30.7
2017-01-16 08:10:00,664.9,803.0,643.1,618.1,903.0,762.1,3.5,31.2
2017-01-16 09:10:00,766.7,916.8,725.0,682.3,972.0,834.5,3.3,33.4
2017-01-16 10:10:00,758.1,950.3,719.1,679.2,1044.0,860.6,3.4,34.5
2017-01-16 11:10:00,782.7,977.9,723.2,694.8,1079.6,881.5,3.5,34.8
2017-01-16 12:10:00,768.6,958.2,661.5,645.9,1067.5,864.1,3.8,33.3
2017-01-16 13:10:00,749.4,949.4,709.7,663.7,1058.3,876.2,3.6,31.7
2017-01-16 14:10:00,758.0,963.0,737.6,683.0,1054.4,874.2,3.5,33.4
2017-01-16 15:10:00,768.7,968.4,741.6,684.6,1053.5,879.0,3.6,35.4
2017-01-16 16:10:00,831.5,968.6,742.1,713.7,1037.8,897.1,3.7,35.8
2017-01-16 17:10:00,819.3,982.5,751.2,706.0,1045.8,893.7,4.0,38.1
2017-01-16 18:10:00,825.0,1002.8,836.7,748.0,1048.7,926.4,6.9,40.2
2017-01-16 19:10:00,824.6,986.2,788.7,730.7,1037.9,902.3,6.8,38.9
2017-01-16 20:10:00,815.3,963.2,773.1,730.5,1020.0,878.5,4.0,40.3
2017-01-16 21:10:00,829.7,955.0,764.9,696.9,970.6,878.1,4.1,39.3
2017-01-16 22:10:00,778.6,902.3,756.4,670.3,906.8,836.3,3.7,36.5
2017-01-16 23:10:00,750.7,860.7,707.5,652.4,904.6,818.2,3.7,35.3
2017-01-17 00:10:00,696.6,782.9,606.4,620.7,887.4,758.2,3.3,31.8
2017-01-17 01:10:00,691.8,741.4,542.2,579.9,846.0,732.9,3.6,29.4
2017-01-17 02:10:00,669.5,699.5,498.5,577.4,857.4,724.4,3.9,28.0
2017-01-17 03:10:00,666.8,690.2,477.8,576.2,851.0,705.1,3.8,27.9
2017-01-17 04:10:00,661.6,677.8,470.3,575.9,839.6,694.6,3.5,26.7
2017-01-17 05:10:00,662.1,685.0,462.2,573.0,865.6,707.4,3.6,28.1
2017-01-17 06:10:00,667.8,723.5,472.9,589.7,930.7,732.6,3.6,29.3
2017-01-17 07:10:00,676.2,783.5,534.5,604.7,939.5,735.7,3.7,30.0
2017-01-17 08:10:00,758.4,876.2,715.6,694.0,939.5,814.6,3.5,32.2
2017-01-17 09:10:00,840.8,957.5,740.0,726.0,980.4,847.0,3.1,33.8
2017-01-17 10:10:00,775.6,966.9,733.8,717.0,1080.9,874.5,3.2,35.1
2017-01-17 11:10:00,783.7,991.1,753.7,724.9,1102.4,892.3,3.6,35.0
2017-01-17 12:10:00,738.9,937.0,653.8,646.5,1058.0,837.6,3.3,32.9
2017-01-17 13:10:00,769.9,968.5,708.4,706.8,1096.4,869.5,3.6,33.4
2017-01-17 14:10:00,805.0,980.5,714.8,723.8,1112.6,897.7,3.6,34.1
2017-01-17 15:10:00,801.6,980.8,713.9,716.2,1105.5,892.0,3.5,35.5
2017-01-17 16:10:00,848.2,986.3,721.4,735.8,1086.7,902.0,3.9,36.2
2017-01-17 17:10:00,859.1,984.4,729.6,712.8,1044.1,902.1,4.0,37.4
2017-01-17 18:10:00,878.4,1013.4,780.9,762.3,1084.0,933.4,6.4,40.6
2017-01-17 19:10:00,858.2,1000.8,760.0,741.7,1063.1,905.4,6.7,40.2
2017-01-17 20:10:00,849.0,981.9,762.2,727.7,1031.7,899.7,6.6,40.2
2017-01-17 21:10:00,837.1,961.2,759.0,711.1,984.1,875.4,6.6,39.1
2017-01-17 22:10:00,775.2,906.5,762.2,679.4,928.6,849.5,6.5,37.1
2017-01-17 23:10:00,770.9,870.8,685.6,660.7,930.7,824.4,3.6,35.0
2017-01-18 00:10:00,745.0,777.3,572.1,635.4,892.7,769.1,3.1,31.0
2017-01-18 01:10:00,697.4,741.4,554.4,591.1,852.2,745.8,3.1,28.7
2017-01-18 02:10:00,663.5,709.1,505.3,585.4,865.9,715.6,3.1,27.6
2017-01-18 03:10:00,654.3,684.2,482.2,567.9,860.5,720.7,3.1,27.3
2017-01-18 04:10:00,651.8,679.7,482.1,573.6,856.4,712.1,3.1,27.8
2017-01-18 05:10:00,654.3,699.5,479.6,570.3,865.9,704.4,3.1,28.7
2017-01-18 06:10:00,718.5,722.2,505.4,586.2,856.4,744.4,3.1,30.7
2017-01-18 07:10:00,708.7,785.7,595.7,611.3,881.1,760.3,3.1,31.4
2017-01-18 08:10:00,753.7,875.3,732.5,674.2,923.7,830.9,3.1,32.6
2017-01-18 09:10:00,820.8,959.1,750.8,698.6,994.4,876.5,3.1,34.8
2017-01-18 10:10:00,791.5,988.9,757.5,709.3,1072.7,891.2,3.1,35.3
2017-01-18 11:10:00,832.5,1020.0,751.3,722.0,1098.6,907.7,2.9,35.7
2017-01-18 12:10:00,760.0,993.3,712.6,670.1,1113.7,890.5,3.0,35.4
2017-01-18 13:10:00,726.4,944.9,720.9,660.8,1051.7,862.6,2.8,33.5
2017-01-18 14:10:00,795.7,1001.8,753.4,706.3,1100.4,909.5,2.9,34.8
2017-01-18 15:10:00,729.0,997.9,801.3,710.9,1118.7,908.7,4.3,35.8
2017-01-18 16:10:00,835.9,1002.6,761.3,730.7,1077.0,909.2,4.3,36.1
2017-01-18 17:10:00,822.0,1008.5,784.9,711.1,1067.2,920.2,3.5,37.7
2017-01-18 18:10:00,873.3,1024.2,785.8,732.8,1088.7,953.6,3.7,41.0
2017-01-18 19:10:00,867.6,1003.1,766.2,723.5,1055.9,925.2,3.5,41.4
2017-01-18 20:10:00,865.6,975.5,738.5,716.7,1037.2,912.0,3.6,40.6
2017-01-18 21:10:00,845.7,947.5,737.9,699.1,987.6,888.5,3.8,39.9
2017-01-18 22:10:00,824.3,912.6,727.8,680.9,938.6,862.4,3.5,38.1
2017-01-18 23:10:00,758.5,862.5,690.2,664.6,938.9,829.5,3.4,34.6
2017-01-19 00:10:00,712.3,790.0,619.5,623.8,881.4,772.2,3.8,31.0
2017-01-19 01:10:00,669.8,740.0,570.5,596.7,870.6,749.1,3.6,28.7
2017-01-19 02:10:00,660.0,708.8,517.4,565.2,858.4,738.6,3.4,26.6
2017-01-19 03:10:00,643.7,676.9,465.8,572.7,869.1,706.8,3.7,25.9
2017-01-19 04:10:00,626.2,671.0,465.4,565.0,868.4,701.7,3.7,26.1
2017-01-19 05:10:00,630.8,676.4,477.8,568.1,864.3,704.6,2.9,26.5
2017-01-19 06:10:00,658.2,706.7,470.4,579.0,913.0,729.7,2.8,29.1
2017-01-19 07:10:00,669.2,758.8,523.5,606.3,952.5,753.5,3.2,29.8
2017-01-19 08:10:00,697.3,845.6,647.5,650.6,974.4,794.3,3.2,31.8
2017-01-19 09:10:00,817.2,987.2,747.3,686.1,997.3,857.6,3.3,34.2
2017-01-19 10:10:00,793.9,989.7,758.3,713.4,1080.7,897.6,2.9,35.0
2017-01-19 11:10:00,792.0,1005.1,753.2,721.1,1129.3,914.8,2.7,36.1
2017-01-19 12:10:00,784.4,992.5,713.8,679.6,1106.4,901.4,2.8,33.9
2017-01-19 13:10:00,789.8,953.8,696.5,672.3,1046.4,876.3,2.6,33.0
2017-01-19 14:10:00,830.2,1003.7,754.8,724.1,1101.4,926.5,2.7,34.8
2017-01-19 15:10:00,827.2,998.6,761.4,716.8,1089.8,934.3,6.9,35.5
2017-01-19 16:10:00,846.8,1007.2,756.0,720.5,1064.8,911.8,6.6,34.7
2017-01-19 17:10:00,848.2,1009.4,764.0,693.1,1071.7,947.1,3.7,37.9
2017-01-19 18:10:00,898.3,1022.6,774.0,717.6,1079.3,974.5,3.6,40.4
2017-01-19 19:10:00,867.5,999.3,771.3,706.0,1057.0,953.0,3.4,40.9
2017-01-19 20:10:00,864.1,971.5,770.2,693.4,1010.2,943.7,3.8,39.6
2017-01-19 21:10:00,828.2,955.0,768.3,668.7,992.1,929.5,3.5,38.8
2017-01-19 22:10:00,790.0,910.5,759.8,648.2,941.5,898.1,3.4,37.9
2017-01-19 23:10:00,731.4,867.1,746.2,637.3,911.7,853.7,3.5,34.7
2017-01-20 00:10:00,654.9,810.3,682.1,593.6,903.0,808.2,3.3,31.3
2017-01-20 01:10:00,641.5,727.5,580.7,567.5,863.8,766.5,3.7,28.1
2017-01-20 02:10:00,605.9,713.6,567.1,547.6,877.5,764.6,2.7,27.4
2017-01-20 03:10:00,597.9,699.0,520.5,523.8,870.6,742.0,2.7,27.0
2017-01-20 04:10:00,590.9,680.1,501.4,527.7,879.0,739.0,2.7,27.2
2017-01-20 05:10:00,591.2,669.6,496.5,519.2,873.7,748.0,2.7,27.3
2017-01-20 06:10:00,572.8,705.0,518.2,542.7,940.3,756.9,2.7,29.3
2017-01-20 07:10:00,590.8,754.2,576.4,545.7,950.9,789.7,2.7,31.1
2017-01-20 08:10:00,632.4,845.4,711.1,619.4,964.9,814.8,2.6,31.4
2017-01-20 09:10:00,740.0,954.7,769.2,678.3,1041.9,886.4,2.7,34.5
2017-01-20 10:10:00,718.3,978.5,767.2,661.0,1103.9,917.6,2.7,35.0
2017-01-20 11:10:00,735.1,1005.7,769.9,669.2,1135.8,933.3,2.8,35.3
2017-01-20 12:10:00,708.1,986.6,695.4,626.1,1165.3,925.0,2.9,34.0
2017-01-20 13:10:00,665.5,940.3,681.1,625.5,1129.2,879.6,2.7,33.1
2017-01-20 14:10:00,704.4,984.4,755.7,663.4,1141.2,922.8,2.8,33.4
2017-01-20 15:10:00,705.3,982.0,771.9,666.7,1140.8,937.0,2.8,35.0
2017-01-20 16:10:00,727.5,981.6,795.2,686.8,1102.7,924.7,2.8,35.1
2017-01-20 17:10:00,764.1,980.8,787.4,676.1,1066.5,925.7,2.8,38.0
2017-01-20 18:10:00,749.7,985.7,829.2,721.0,1077.4,917.6,6.7,38.8
2017-01-20 19:10:00,734.4,971.9,827.4,703.4,1043.3,897.0,6.7,39.5
2017-01-20 20:10:00,724.4,946.7,769.8,696.9,1058.5,878.5,6.7,37.4
2017-01-20 21:10:00,719.1,937.2,771.5,683.4,1034.5,874.8,6.8,36.5
2017-01-20 22:10:00,665.8,889.8,759.4,652.4,989.6,839.9,3.3,36.0
2017-01-20 23:10:00,613.2,872.4,764.7,655.6,995.9,814.1,2.8,34.4
2017-01-21 00:10:00,610.1,812.7,685.8,612.9,932.8,774.0,2.8,32.0
2017-01-21 01:10:00,591.0,740.9,598.7,599.2,915.4,738.5,2.8,29.3
2017-01-21 02:10:00,558.5,709.7,535.3,546.2,907.7,720.1,2.8,28.3
2017-01-21 03:10:00,542.6,679.8,493.3,554.9,937.3,713.6,2.8,27.7
2017-01-21 04:10:00,528.1,662.6,487.5,548.5,910.7,691.3,2.8,26.7
2017-01-21 05:10:00,532.2,669.8,505.2,547.3,906.1,701.4,2.8,27.8
2017-01-21 06:10:00,556.0,691.7,517.0,502.6,905.0,758.9,3.8,28.7
2017-01-21 07:10:00,558.8,701.4,536.5,520.0,924.4,771.9,2.8,29.3
2017-01-21 08:10:00,548.7,731.2,633.6,552.5,918.5,788.0,2.8,31.8
2017-01-21 09:10:00,621.2,794.4,693.5,574.7,919.5,834.3,2.8,33.7
2017-01-21 10:10:00,617.3,822.0,710.2,585.2,958.7,848.2,2.8,33.5
2017-01-21 11:10:00,622.3,849.6,771.1,599.7,959.2,872.2,2.8,34.0
2017-01-21 12:10:00,589.1,835.0,747.2,574.5,952.2,849.3,2.8,32.5
2017-01-21 13:10:00,571.3,821.2,728.8,574.4,954.5,829.4,2.8,32.4
2017-01-21 14:10:00,575.0,833.6,759.5,576.6,963.9,857.9,2.8,33.0
2017-01-21 15:10:00,589.4,830.4,746.8,576.8,952.9,851.1,2.8,33.5
2017-01-21 16:10:00,616.2,835.8,763.2,589.3,952.1,875.4,2.8,33.8
2017-01-21 17:10:00,649.1,845.5,766.4,604.3,931.0,862.4,3.3,37.7
2017-01-21 18:10:00,662.4,892.6,802.3,670.4,997.7,865.5,6.6,40.5
2017-01-21 19:10:00,666.8,872.1,754.8,669.0,993.3,842.4,6.7,38.1
2017-01-21 20:10:00,674.5,873.3,743.6,661.2,981.6,833.7,6.6,38.1
2017-01-21 21:10:00,670.8,875.6,742.9,664.1,985.8,829.1,6.7,37.3
2017-01-21 22:10:00,654.4,847.4,716.1,665.6,974.1,802.2,6.7,36.0
2017-01-21 23:10:00,624.9,832.8,663.9,632.5,985.7,777.6,3.1,34.6
2017-01-22 00:10:00,571.1,779.8,643.5,594.4,925.2,736.3,2.8,32.1
2017-01-22 01:10:00,514.8,718.3,580.3,571.5,924.7,703.4,2.8,29.4
2017-01-22 02:10:00,492.9,671.6,551.3,545.5,882.0,684.7,2.8,27.2
2017-01-22 03:10:00,507.7,657.3,508.0,549.4,884.8,669.1,2.8,27.5
2017-01-22 04:10:00,472.1,642.0,504.3,534.1,892.2,668.2,2.8,27.2
2017-01-22 05:10:00,467.4,645.3,477.9,534.5,909.1,650.6,2.8,26.8
2017-01-22 06:10:00,489.4,652.5,480.1,534.2,907.8,664.9,2.8,28.5
2017-01-22 07:10:00,496.1,646.4,502.2,540.9,890.7,675.5,2.8,28.9
2017-01-22 08:10:00,498.7,687.6,549.2,534.7,882.4,680.7,2.8,30.1
2017-01-22 09:10:00,506.9,718.0,590.5,558.3,909.9,702.6,2.8,31.1
2017-01-22 10:10:00,468.8,742.0,663.2,549.5,914.8,727.0,2.7,31.1
2017-01-22 11:10:00,481.2,756.9,676.9,579.3,964.2,755.6,2.8,33.4
2017-01-22 12:10:00,463.7,762.7,668.8,570.4,964.0,734.5,2.8,31.7
2017-01-22 13:10:00,451.2,746.5,660.9,547.9,942.2,731.9,2.8,30.7
2017-01-22 14:10:00,468.8,764.1,653.0,550.4,967.7,746.2,2.8,31.6
2017-01-22 15:10:00,487.5,771.7,655.8,558.0,942.9,726.8,2.8,32.5
2017-01-22 16:10:00,518.2,765.1,665.5,573.5,945.3,759.8,2.8,33.2
2017-01-22 17:10:00,511.1,786.1,729.8,600.9,969.6,790.0,2.8,36.3
2017-01-22 18:10:00,534.3,842.4,811.3,634.3,1028.4,861.4,3.7,39.6
2017-01-22 19:10:00,544.6,842.8,793.7,632.5,971.9,800.6,3.9,38.3
2017-01-22 20:10:00,553.6,856.7,802.0,633.6,979.2,808.9,3.7,39.2
2017-01-22 21:10:00,538.7,866.0,816.2,641.6,987.0,800.0,3.8,38.1
2017-01-22 22:10:00,526.8,855.3,788.1,639.5,990.8,777.8,4.0,37.2
2017-01-22 23:10:00,515.9,792.5,746.2,603.2,921.0,757.4,3.6,33.7
2017-01-23 00:10:00,518.5,742.7,599.3,562.8,927.5,712.0,2.8,30.5
2017-01-23 01:10:00,477.1,679.6,539.3,537.5,907.2,681.2,2.8,28.0
2017-01-23 02:10:00,470.4,653.5,518.9,536.8,896.7,671.8,2.8,26.7
2017-01-23 03:10:00,469.0,633.2,463.6,524.8,893.0,644.3,2.8,26.1
2017-01-23 04:10:00,473.5,625.4,459.5,517.2,870.2,637.6,2.8,25.8
2017-01-23 05:10:00,469.5,635.9,466.4,527.8,910.6,658.7,2.8,26.8
2017-01-23 06:10:00,509.1,660.1,495.0,539.5,889.9,668.6,2.8,28.6
2017-01-23 07:10:00,567.1,725.6,490.6,557.5,942.9,690.6,2.8,29.6
2017-01-23 08:10:00,614.9,809.8,618.8,613.5,967.4,750.0,2.7,30.4
2017-01-23 09:10:00,684.5,926.2,754.1,676.3,1017.3,822.0,2.8,34.1
2017-01-23 10:10:00,704.7,952.1,754.7,681.4,1053.1,847.4,2.8,34.3
2017-01-23 11:10:00,720.9,973.1,757.4,690.5,1084.6,867.0,2.5,34.7
2017-01-23 12:10:00,700.8,947.1,719.0,650.7,1045.4,836.5,2.6,33.4
2017-01-23 13:10:00,642.9,907.5,717.5,635.8,1039.7,826.9,2.4,32.4
2017-01-23 14:10:00,706.6,957.8,750.1,680.0,1079.7,867.1,2.5,34.0
2017-01-23 15:10:00,727.8,957.8,753.6,690.6,1078.0,878.7,2.5,34.7
2017-01-23 16:10:00,748.9,959.7,762.3,703.3,1056.8,872.6,2.5,34.9
2017-01-23 17:10:00,762.5,967.5,781.7,697.8,1032.6,876.6,2.5,37.4
2017-01-23 18:10:00,782.3,990.8,828.0,732.3,1055.4,908.8,5.4,39.2
2017-01-23 19:10:00,776.5,982.2,835.1,721.0,1024.3,899.8,5.6,38.5
2017-01-23 20:10:00,766.8,960.6,815.4,721.1,1001.0,869.1,5.6,37.9
2017-01-23 21:10:00,760.5,939.8,787.1,706.5,1002.0,869.4,3.0,36.9
2017-01-23 22:10:00,745.4,919.2,736.7,682.3,988.9,836.2,2.9,36.2
2017-01-23 23:10:00,658.1,876.8,757.4,673.8,969.9,803.8,3.1,34.1
2017-01-24 00:10:00,662.8,811.3,654.8,649.9,932.4,761.6,3.1,30.3
2017-01-24 01:10:00,613.9,751.7,572.3,598.3,922.8,735.2,3.7,27.5
2017-01-24 02:10:00,609.9,696.8,505.1,587.6,905.6,712.6,2.7,26.3
2017-01-24 03:10:00,607.1,683.0,471.3,572.6,904.6,704.7,2.9,25.7
2017-01-24 04:10:00,599.4,689.7,474.7,560.8,894.2,694.9,3.0,25.8
2017-01-24 05:10:00,611.0,684.9,460.7,576.1,909.7,697.3,3.0,26.1
2017-01-24 06:10:00,607.2,702.2,457.6,573.4,941.3,706.7,3.1,27.1
2017-01-24 07:10:00,671.1,754.8,582.9,598.8,859.8,734.5,3.0,28.7
2017-01-24 08:10:00,696.7,825.6,701.6,650.4,880.6,776.2,2.7,29.5
2017-01-24 09:10:00,759.0,953.3,753.9,675.7,990.5,845.9,2.9,31.3
2017-01-24 10:10:00,777.6,948.0,752.2,699.1,1017.5,869.9,2.5,32.7
2017-01-24 11:10:00,770.6,954.9,762.4,694.3,1043.1,897.2,2.5,32.2
2017-01-24 12:10:00,749.1,960.7,730.9,647.2,1025.2,867.7,2.6,32.1
2017-01-24 13:10:00,726.7,909.1,713.5,645.1,992.7,852.0,2.4,29.1
2017-01-24 14:10:00,781.9,959.4,755.7,691.0,1031.4,890.0,2.5,31.2
2017-01-24 15:10:00,789.3,956.8,752.0,692.8,1029.5,891.6,2.5,32.1
2017-01-24 16:10:00,776.6,956.7,760.5,694.8,1024.6,882.3,3.7,31.7
2017-01-24 17:10:00,787.2,965.3,766.6,691.0,1005.5,872.5,3.3,33.9
2017-01-24 18:10:00,819.4,979.5,828.7,720.9,995.7,910.7,4.5,37.2
2017-01-24 19:10:00,795.3,970.0,834.3,721.3,987.4,893.0,4.4,36.9
2017-01-24 20:10:00,785.8,947.2,797.4,705.0,983.2,882.5,4.2,35.8
2017-01-24 21:10:00,768.0,950.9,785.0,681.6,990.3,877.5,3.9,37.3
2017-01-24 22:10:00,725.8,918.0,778.1,658.7,966.6,861.5,3.7,36.1
2017-01-24 23:10:00,660.8,871.4,745.5,648.4,967.7,824.3,4.0,33.9
2017-01-25 00:10:00,656.8,798.1,669.2,608.6,888.9,780.7,3.3,30.8
2017-01-25 01:10:00,637.8,725.4,569.7,570.3,850.6,738.0,3.3,27.7
2017-04-19 19:10:00,976.6,1096.4,900.7,814.1,1090.2,1020.9,6.3,42.4
2017-04-19 20:10:00,969.0,1061.5,843.8,790.8,1076.6,1000.7,6.3,42.7
2017-04-19 21:10:00,959.5,1018.7,850.6,753.7,974.2,974.0,3.8,41.6
2017-04-19 22:10:00,928.9,960.7,839.8,739.8,921.8,954.0,3.9,39.9
2017-04-19 23:10:00,908.2,919.9,753.6,723.2,947.9,931.8,4.0,38.8
2017-04-20 00:10:00,874.5,874.4,695.9,677.7,911.2,897.1,3.6,35.9
2017-04-20 01:10:00,856.3,803.9,607.6,659.1,896.1,867.1,3.9,33.7
2017-04-20 02:10:00,845.6,769.2,520.2,625.6,894.1,837.5,3.8,31.4
2017-04-20 03:10:00,837.0,754.7,522.4,620.6,862.8,819.5,3.8,31.2
2017-04-20 04:10:00,797.2,727.4,514.7,607.6,853.7,804.3,3.7,30.0
2017-04-20 05:10:00,798.4,737.6,512.4,601.2,853.8,800.4,4.1,29.5
2017-04-20 06:10:00,808.3,754.5,519.9,613.6,863.8,798.0,3.8,29.7
2017-04-20 07:10:00,779.6,803.8,554.4,628.3,944.3,819.1,3.7,30.6
2017-04-20 08:10:00,844.4,915.3,744.5,705.6,953.4,893.1,3.4,31.6
2017-04-20 09:10:00,947.0,1052.5,836.9,778.3,1070.1,990.8,3.7,36.0
2017-04-20 10:10:00,963.4,1094.7,865.2,795.4,1116.7,1023.5,4.7,36.5
2017-04-20 11:10:00,979.2,1129.3,880.9,804.8,1131.9,1024.8,4.6,37.6
2017-04-20 12:10:00,936.3,1062.6,745.2,728.7,1140.1,996.8,3.8,37.2
2017-04-20 13:10:00,951.6,1104.2,864.0,779.0,1121.7,1020.5,4.1,37.8
2017-04-20 14:10:00,979.0,1146.6,925.9,815.7,1128.6,1039.1,5.9,38.0
2017-04-20 15:10:00,973.6,1137.7,913.8,797.8,1125.2,1044.9,5.8,38.0
2017-04-20 16:10:00,975.0,1138.8,926.9,811.8,1108.2,1026.6,5.9,38.8
2017-04-20 17:10:00,979.9,1126.1,877.0,792.2,1106.2,1009.1,4.5,40.2
2017-04-20 18:10:00,957.7,1116.8,901.9,795.1,1082.3,993.7,4.3,40.6
2017-04-20 19:10:00,970.0,1108.7,908.5,812.6,1090.3,1010.1,5.8,43.1
2017-04-20 20:10:00,963.8,1066.0,838.3,784.0,1077.7,992.0,5.9,43.7
2017-04-20 21:10:00,959.7,1031.8,838.2,750.9,996.7,974.7,5.7,42.9
2017-04-20 22:10:00,906.1,978.0,845.6,716.8,936.0,958.6,5.9,40.1
2017-04-20 23:10:00,862.8,932.4,803.3,716.3,947.2,932.9,5.9,37.7
2017-04-21 00:10:00,838.6,861.6,695.3,660.3,911.1,892.4,3.9,34.6
2017-04-21 01:10:00,841.7,816.8,665.0,647.9,856.0,868.9,3.8,32.9
2017-04-21 02:10:00,817.2,777.0,589.0,613.1,850.8,840.5,4.0,30.4
2017-04-21 03:10:00,805.8,747.3,573.4,621.3,843.0,827.2,4.0,30.5
2017-04-21 04:10:00,803.4,746.4,547.9,607.8,850.1,820.6,3.8,30.5
2017-04-21 05:10:00,800.0,741.3,547.5,604.6,837.8,813.0,4.2,30.6
2017-04-21 06:10:00,805.2,756.3,545.7,611.1,841.3,798.5,4.1,30.3
2017-04-21 07:10:00,792.5,809.8,623.2,602.8,861.9,837.3,4.1,31.7
2017-04-21 08:10:00,862.6,918.1,736.3,705.4,940.4,886.5,3.6,32.7
2017-04-21 09:10:00,941.8,1062.3,851.3,777.8,1057.8,977.8,3.3,36.3
2017-04-21 10:10:00,949.6,1124.4,879.4,787.0,1144.1,1026.8,3.6,38.4
2017-04-21 11:10:00,979.9,1163.3,937.2,817.0,1123.8,1027.8,6.0,38.9
2017-04-21 12:10:00,965.0,1144.0,827.5,753.9,1163.7,1023.1,3.6,38.7
2017-04-21 13:10:00,943.1,1141.9,901.0,791.8,1136.5,1015.4,6.2,37.7
2017-04-21 14:10:00,990.4,1157.3,925.2,814.7,1124.0,1034.8,5.9,38.8
2017-04-21 15:10:00,991.2,1150.9,928.6,824.4,1119.6,1032.0,6.0,37.9
2017-04-21 16:10:00,989.6,1143.3,922.6,808.6,1101.9,1030.8,6.0,37.3
2017-04-21 17:10:00,974.4,1108.9,858.6,774.0,1077.7,994.5,4.5,37.8
2017-04-21 18:10:00,978.3,1098.8,862.6,774.4,1077.1,1009.8,4.7,39.7
2017-04-21 19:10:00,975.6,1066.4,859.6,785.9,1067.1,1012.9,4.7,41.9
2017-04-21 20:10:00,935.1,1018.0,823.3,751.7,1044.0,994.9,4.7,42.4
2017-04-21 21:10:00,894.7,968.8,829.9,730.3,989.2,977.5,4.7,41.8
2017-04-21 22:10:00,831.9,915.5,844.0,691.7,915.3,951.7,5.2,37.5
2017-04-21 23:10:00,807.2,878.1,815.0,665.3,890.7,939.7,5.0,34.8
2017-04-22 00:10:00,784.6,813.4,773.0,638.5,823.7,901.8,5.0,32.6
2017-04-22 01:10:00,770.4,764.9,671.2,602.4,809.7,859.4,4.8,29.5
2017-04-22 02:10:00,742.5,729.3,582.0,579.5,814.7,809.1,5.7,27.0
2017-04-22 03:10:00,714.6,713.9,582.8,561.9,811.8,812.3,5.5,26.5
2017-04-22 04:10:00,666.0,710.5,586.8,552.6,833.0,802.4,5.7,25.9
2017-04-22 05:10:00,656.1,699.7,553.2,545.8,842.6,787.3,6.7,25.8
2017-04-22 06:10:00,669.2,699.4,549.5,551.5,828.9,782.8,11.4,25.2
2017-04-22 07:10:00,682.3,703.5,536.2,551.2,814.3,764.5,12.4,26.1
2017-04-22 08:10:00,674.1,747.9,656.5,592.1,817.3,793.7,14.2,28.3
2017-04-22 09:10:00,684.9,805.1,733.9,602.2,841.5,835.3,14.4,32.2
2017-04-22 10:10:00,738.8,834.7,731.3,622.0,843.2,839.1,14.4,32.0
2017-04-22 11:10:00,817.2,863.0,740.3,647.4,833.7,863.3,15.7,33.3
2017-04-22 12:10:00,768.8,857.3,723.8,622.3,853.4,850.1,15.4,31.7
2017-04-22 13:10:00,742.6,839.2,735.8,620.3,831.9,831.2,12.6,32.2
2017-04-22 14:10:00,759.9,836.0,748.6,628.6,822.6,844.8,10.9,32.6
2017-04-22 15:10:00,761.1,836.8,753.5,632.2,807.4,830.5,11.0,33.5
2017-04-22 16:10:00,771.8,841.7,753.8,635.9,816.3,842.4,11.9,33.6
2017-04-22 17:10:00,825.7,852.3,757.1,660.4,806.4,854.2,14.4,36.8
2017-04-22 18:10:00,844.2,859.9,758.7,664.6,805.7,860.6,13.4,36.9
2017-04-22 19:10:00,844.0,882.6,783.8,656.9,813.0,878.8,14.7,37.3
2017-04-22 20:10:00,765.8,866.1,800.4,642.9,835.9,870.4,14.5,37.2
2017-04-22 21:10:00,743.5,854.3,831.3,648.8,809.4,859.3,14.5,36.2
2017-04-22 22:10:00,735.8,821.8,769.1,625.8,805.8,843.4,15.7,35.3
2017-04-22 23:10:00,686.8,782.9,763.2,616.3,786.4,819.6,15.8,33.3
2017-04-23 00:10:00,654.9,727.1,680.5,591.3,771.7,775.3,15.6,29.0
2017-04-23 01:10:00,630.1,676.4,674.3,568.4,709.1,758.1,15.7,26.3
2017-04-23 02:10:00,565.8,666.3,657.0,533.0,714.5,728.6,15.7,25.1
2017-04-23 03:10:00,571.6,647.7,627.9,530.9,691.8,704.0,15.6,24.4
2017-04-23 04:10:00,596.6,644.7,597.5,531.2,689.2,698.6,15.6,24.4
2017-04-23 05:10:00,596.9,636.1,573.9,538.5,722.9,709.9,15.6,24.7
2017-04-23 06:10:00,580.8,632.3,605.1,541.9,714.9,716.6,15.8,25.7
2017-04-23 07:10:00,563.9,649.7,599.4,531.9,739.0,711.0,15.6,25.3
2017-04-23 08:10:00,558.8,665.8,625.4,546.8,749.7,710.4,15.5,26.4
2017-04-23 09:10:00,563.3,714.5,689.8,548.0,760.5,738.3,15.7,28.5
2017-04-23 10:10:00,548.9,729.1,737.8,564.3,764.4,744.6,15.6,28.8
2017-04-23 11:10:00,552.6,759.1,768.4,569.4,785.7,765.0,15.7,28.9
2017-04-23 12:10:00,579.1,753.5,773.4,582.1,767.1,771.5,15.7,28.2
2017-04-23 13:10:00,565.4,751.3,780.4,563.3,755.3,773.9,15.8,28.5
2017-04-23 14:10:00,558.9,755.1,770.2,561.0,769.7,768.6,14.3,28.3
2017-04-23 15:10:00,558.9,746.1,776.3,575.0,778.2,778.1,14.4,28.7
2017-04-23 16:10:00,613.0,754.5,756.1,578.3,766.7,787.1,14.6,30.4
2017-04-23 17:10:00,643.4,774.9,786.7,599.2,759.8,797.9,14.4,32.4
2017-04-23 18:10:00,653.4,811.8,809.7,619.9,806.9,817.6,14.8,35.6
2017-04-23 19:10:00,665.1,844.8,841.6,647.9,847.9,840.3,15.1,36.7
2017-04-23 20:10:00,689.7,840.1,821.0,647.6,835.3,836.5,15.5,37.2
2017-04-23 21:10:00,706.5,843.1,806.8,646.4,842.2,845.4,15.8,36.4
2017-04-23 22:10:00,665.4,795.5,801.4,638.4,802.6,817.6,15.8,33.8
2017-04-23 23:10:00,565.3,752.6,796.4,600.9,794.1,786.9,15.9,31.4
2017-04-24 00:10:00,566.9,706.0,750.9,580.5,730.0,749.4,15.9,27.9
2017-04-24 01:10:00,568.0,659.3,674.6,556.5,709.0,726.1,15.9,25.7
2017-04-24 02:10:00,558.6,624.3,634.8,535.5,686.3,710.9,15.6,24.7
2017-04-24 03:10:00,548.7,619.4,585.1,524.8,711.2,692.7,15.6,23.7
2017-04-24 04:10:00,563.8,609.2,576.6,525.8,691.4,689.2,15.5,23.2
2017-04-24 05:10:00,574.0,631.6,585.8,525.7,706.9,700.8,15.8,24.4
2017-04-24 06:10:00,576.0,648.5,628.2,536.8,711.7,720.6,15.7,25.7
2017-04-24 07:10:00,615.1,705.1,664.7,567.1,746.6,743.0,15.5,26.7
2017-04-24 08:10:00,755.4,818.2,747.4,630.4,756.5,797.7,15.3,28.3
2017-04-24 09:10:00,889.6,937.8,847.2,710.9,811.3,884.2,15.6,30.8
2017-04-24 10:10:00,918.6,980.5,844.9,731.9,876.2,911.6,15.8,31.6
2017-04-24 11:10:00,914.0,1009.3,847.5,743.1,947.6,939.3,15.8,33.1
2017-04-24 12:10:00,868.0,985.9,790.5,692.9,951.4,915.0,16.3,32.4
2017-04-24 13:10:00,834.3,948.1,798.8,682.9,925.1,912.1,15.4,30.4
2017-04-24 14:10:00,932.1,1006.5,832.3,748.3,967.8,961.9,15.8,31.3
2017-04-24 15:10:00,931.6,1015.0,843.9,746.8,962.4,959.8,15.9,32.3
2017-04-24 16:10:00,936.5,1008.4,858.1,769.6,946.7,946.9,15.6,32.0
2017-04-24 17:20:00,934.1,1002.8,855.4,732.3,912.7,949.4,15.8,33.5
2017-04-24 18:10:00,940.0,1008.3,858.9,748.9,937.0,958.6,15.8,35.9
2017-04-24 19:10:00,951.5,1028.4,904.1,779.5,940.8,966.0,16.0,38.5
2017-04-24 20:10:00,944.2,982.2,880.3,744.4,873.0,948.7,15.8,37.8
2017-04-24 21:10:00,935.9,944.2,820.8,712.2,840.1,919.4,15.8,36.8
2017-04-24 22:10:00,873.5,895.3,815.5,682.9,809.6,902.1,15.8,34.2
2017-04-24 23:10:00,828.2,861.8,782.7,664.3,795.2,863.7,15.7,32.1
2017-04-25 00:10:00,731.3,782.4,736.3,626.8,782.3,827.9,15.8,28.7
2017-04-25 01:10:00,713.3,747.6,674.4,590.8,763.9,800.3,13.5,26.3
2017-04-25 02:10:00,702.2,704.2,600.3,583.4,779.9,783.3,13.8,25.2
2017-04-25 03:10:00,698.1,694.5,608.0,587.2,756.8,768.9,13.1,25.3
2017-04-25 04:10:00,691.3,680.1,574.6,563.8,751.3,761.5,12.8,24.6
2017-04-25 05:10:00,682.6,690.3,578.5,563.8,772.3,763.9,9.8,25.1
2017-04-25 06:10:00,692.9,708.6,592.9,582.7,779.4,760.3,11.8,25.4
2017-04-25 07:10:00,762.6,761.4,607.8,610.4,803.7,787.4,12.3,27.3
2017-04-25 08:10:00,801.5,863.6,759.7,669.6,831.5,843.7,12.6,28.5
2017-04-25 09:10:00,951.9,981.1,831.1,748.9,892.3,925.9,12.3,31.6
2017-04-25 10:10:00,972.7,1018.6,824.7,772.4,978.8,964.7,12.2,32.7
2017-04-25 11:10:00,983.0,1053.6,820.9,782.2,1033.3,980.1,13.3,34.6
2017-04-25 12:10:00,949.1,1046.4,793.2,733.6,1032.9,975.5,14.0,33.8
2017-04-25 13:10:00,943.4,1046.6,839.9,770.1,1032.5,979.6,13.6,33.1
2017-04-25 14:10:00,991.0,1056.6,841.5,781.0,1027.7,1001.9,13.8,34.5
2017-04-25 15:10:00,1002.1,1071.3,848.0,781.1,1018.2,994.0,13.5,35.3
2017-04-25 16:10:00,986.7,1071.8,850.6,773.6,1025.9,992.3,10.4,36.0
2017-04-25 17:10:00,982.4,1064.1,841.7,760.0,1002.0,974.5,9.6,37.1
2017-04-25 18:10:00,959.9,1062.1,886.5,774.7,989.2,968.9,10.2,40.1
2017-04-25 19:10:00,969.1,1069.5,896.6,780.6,1004.0,986.9,10.4,43.1
2017-04-25 20:10:00,966.3,1024.0,881.3,767.0,939.8,967.4,13.4,42.3
2017-04-25 21:10:00,969.4,985.3,825.7,734.0,904.2,953.3,13.4,40.2
2017-04-25 22:10:00,886.6,921.0,800.3,701.2,865.6,906.4,13.7,37.6
2017-04-25 23:10:00,864.1,885.9,804.7,675.5,811.6,898.1,13.9,34.7
2017-04-26 00:10:00,766.4,827.3,765.1,651.1,808.0,840.6,11.6,32.0
2017-04-26 01:10:00,748.1,759.8,668.4,615.6,798.1,820.2,11.3,30.3
2017-04-26 02:10:00,748.9,736.5,594.5,612.9,805.7,783.2,11.4,27.9
2017-04-26 03:10:00,736.9,734.0,597.8,599.6,797.1,781.0,11.1,28.2
2017-04-26 04:10:00,723.6,709.0,593.4,573.4,765.6,783.8,11.1,27.4
2017-04-26 05:10:00,733.2,715.9,591.2,593.3,767.4,766.5,11.1,27.2
2017-04-26 06:10:00,741.2,729.1,589.0,603.3,800.5,780.4,11.1,28.9
2017-04-26 07:10:00,785.8,786.4,608.8,634.6,852.2,806.2,11.0,30.5
2017-04-26 08:10:00,852.9,894.9,789.5,712.7,852.3,865.5,9.8,31.4
2017-04-26 09:10:00,969.1,1017.4,879.0,782.3,940.3,965.4,11.1,34.3
2017-04-26 10:10:00,977.4,1069.8,866.3,793.9,1029.0,987.3,13.1,34.7
2017-04-26 11:10:00,983.2,1116.2,930.1,806.2,1064.7,1031.8,13.2,36.9
2017-04-26 12:10:00,983.2,1095.6,853.9,755.8,1033.2,992.3,9.2,35.9
2017-04-26 13:10:00,962.0,1068.2,846.6,752.7,1032.7,993.2,9.1,36.3
2017-04-26 14:10:00,1010.4,1120.7,933.0,805.5,1038.5,1031.4,13.0,37.3
2017-04-26 15:10:00,1020.2,1122.6,932.6,804.3,1037.2,1038.8,13.2,37.6
2017-04-26 16:10:00,1023.8,1116.1,954.2,827.0,1021.2,1031.8,13.3,37.6
2017-04-26 17:10:00,1013.5,1076.2,854.4,778.8,1005.9,992.3,11.0,37.4
2017-04-26 18:10:00,1008.1,1080.9,864.6,774.9,1012.4,1000.5,10.2,38.9
2017-04-26 19:10:00,1003.1,1042.0,877.5,790.4,1011.1,1028.3,10.5,41.4
2017-04-26 20:10:00,989.6,1014.8,844.2,747.8,961.4,1001.9,10.1,40.8
2017-04-26 21:10:00,946.9,973.6,846.0,737.9,923.2,974.3,10.1,40.5
2017-04-26 22:10:00,901.0,915.0,852.9,715.4,853.5,950.0,10.3,37.4
2017-04-26 23:10:00,828.1,874.1,856.6,673.8,827.5,939.9,10.1,34.5
2017-04-27 00:10:00,815.6,796.0,724.4,639.0,797.4,881.8,10.3,30.9
2017-04-27 01:10:00,771.4,745.7,659.8,622.7,796.0,839.5,10.0,29.2
2017-04-27 02:10:00,752.3,718.6,603.5,593.6,803.7,829.7,10.1,27.7
2017-04-27 03:10:00,748.6,696.8,553.2,579.9,802.8,811.0,10.3,27.2
2017-04-27 04:10:00,722.5,696.9,553.3,572.9,800.9,789.7,9.9,27.1
2017-04-27 05:10:00,718.4,690.1,548.3,577.9,809.0,790.8,10.0,26.9
2017-04-27 06:10:00,764.9,715.6,550.6,595.2,814.2,800.2,10.1,29.0
2017-04-27 07:10:00,812.8,773.4,601.6,608.7,796.7,808.5,9.5,30.0
2017-04-27 08:10:00,838.9,860.0,746.0,671.7,834.7,866.4,9.7,31.3
2017-04-27 09:10:00,945.2,970.4,864.5,738.4,882.4,958.1,9.5,34.7
2017-04-27 10:10:00,933.7,1001.9,862.9,732.1,944.7,986.7,14.0,34.6
2017-04-27 11:10:00,957.9,1020.8,865.8,738.5,971.1,1006.1,6.0,35.3
2017-04-27 12:10:00,868.4,996.1,862.0,681.7,947.3,974.7,8.4,33.7
2017-04-27 13:10:00,864.5,966.3,822.4,678.8,919.9,940.6,11.7,32.8
2017-04-27 14:10:00,921.9,1008.0,859.0,736.7,958.5,977.2,16.5,34.0
2017-04-27 15:10:00,934.6,1007.7,829.2,724.8,948.3,961.3,16.6,34.8
2017-04-27 16:10:00,958.8,1011.2,816.7,734.8,949.0,960.4,17.2,35.2
2017-04-27 17:10:00,944.1,1010.6,820.8,722.5,936.5,949.3,17.4,36.3
2017-04-27 18:10:00,834.1,1011.0,911.4,730.4,980.6,964.1,17.4,38.1
2017-04-27 19:10:00,876.8,1010.6,853.4,734.0,988.2,952.6,17.3,38.5
2017-04-27 20:10:00,855.8,973.0,818.5,718.2,975.4,937.7,17.6,38.4
2017-04-27 21:10:00,853.7,942.6,790.6,681.7,905.6,906.4,17.2,36.5
2017-04-27 22:10:00,761.4,886.5,795.5,641.6,856.7,868.6,17.3,34.2
2017-04-27 23:10:00,726.2,836.7,790.3,627.9,822.3,858.1,17.0,33.1
2017-04-28 00:10:00,695.2,776.8,699.6,597.7,812.5,820.1,16.9,29.6
2017-04-28 01:10:00,666.6,707.2,638.4,565.2,766.8,790.3,16.7,25.8
2017-04-28 02:10:00,639.2,691.3,619.6,547.2,758.5,769.4,16.7,26.2
2017-04-28 03:10:00,619.5,673.8,598.8,531.3,760.8,764.5,16.7,26.1
2017-04-28 04:10:00,597.7,667.8,595.4,540.2,783.1,759.2,16.6,25.6
2017-04-28 05:10:00,614.8,671.9,593.1,547.5,779.7,758.9,16.7,26.0
2017-04-28 06:10:00,672.4,693.9,588.7,568.6,761.6,749.5,16.6,27.2
2017-04-28 07:10:00,721.8,745.2,611.5,575.1,770.6,771.5,16.5,28.5
2017-04-28 08:10:00,752.6,848.6,730.6,625.2,823.4,820.0,16.1,28.8
2017-04-28 09:10:00,865.0,948.8,791.9,690.3,911.9,914.8,17.0,31.9
2017-04-28 10:10:00,849.1,971.4,798.2,701.1,984.3,943.8,16.9,32.3
2017-04-28 11:10:00,879.0,998.4,788.2,715.4,991.0,928.1,16.7,32.9
2017-04-28 12:10:00,793.2,940.3,709.3,631.2,976.6,892.7,17.1,31.9
2017-04-28 13:10:00,789.2,945.0,772.0,658.0,967.5,911.2,16.6,31.2
2017-04-28 14:10:00,861.5,987.8,788.5,710.4,1009.8,945.1,15.7,32.2
2017-04-28 15:10:00,873.3,985.9,789.6,698.5,998.4,960.5,17.5,33.9
2017-04-28 16:10:00,905.7,986.9,790.0,725.9,972.9,938.4,17.3,34.6
2017-04-28 17:10:00,886.2,970.1,797.3,706.2,951.7,941.3,17.4,35.0
2017-04-28 18:10:00,903.9,968.1,807.3,716.3,918.3,925.3,17.6,37.4
2017-04-28 19:10:00,922.9,983.6,816.8,733.6,941.6,943.6,17.4,37.9
2017-04-28 20:10:00,876.5,940.8,816.3,714.0,895.2,912.9,17.4,37.8
2017-04-28 21:10:00,862.6,904.9,814.5,695.2,825.1,882.7,17.4,36.8
2017-04-28 22:10:00,801.5,866.7,781.3,659.9,814.3,853.1,17.4,34.8
2017-04-28 23:10:00,731.0,837.8,787.5,654.2,834.6,842.1,15.7,34.7
2017-04-29 00:10:00,679.6,779.4,724.9,602.2,801.4,808.5,15.5,31.3
2017-04-29 01:10:00,652.8,731.3,643.9,581.2,804.5,775.0,14.9,28.6
2017-04-29 02:10:00,622.2,695.6,612.1,568.6,791.9,748.6,14.1,27.5
2017-04-29 03:10:00,589.2,674.0,589.7,555.2,792.9,729.4,13.7,26.9
2017-04-29 04:10:00,591.7,665.3,588.9,545.0,767.6,725.2,13.6,26.3
2017-04-29 05:10:00,596.5,654.1,555.4,542.6,782.7,724.8,13.8,26.8
2017-04-29 06:10:00,599.4,661.9,545.2,543.7,794.0,719.3,13.8,27.4
2017-04-29 07:10:00,643.0,685.7,545.6,541.5,790.9,737.4,13.5,28.4
2017-04-29 08:10:00,667.2,701.0,597.9,590.9,812.8,769.9,13.7,29.9
2017-04-29 09:10:00,691.5,758.5,648.7,611.0,873.6,827.2,14.1,31.2
2017-04-29 10:10:00,634.1,793.8,727.0,613.1,907.1,843.2,13.9,32.0
2017-04-29 11:10:00,653.1,824.9,735.2,632.8,961.2,872.2,14.2,33.7
2017-04-29 12:10:00,599.9,814.7,729.2,591.7,941.7,845.8,14.0,32.6
2017-04-29 13:10:00,649.4,820.7,723.5,627.0,958.0,865.3,13.7,31.6
2017-04-29 14:10:00,660.2,816.2,722.0,634.3,945.9,859.4,13.9,32.2
2017-04-29 15:10:00,670.4,817.2,726.1,634.4,929.3,855.0,13.9,33.0
2017-04-29 16:10:00,674.1,818.0,721.1,624.5,918.4,848.6,11.2,33.8
2017-04-29 17:10:00,709.7,813.8,720.1,640.6,883.5,834.2,10.8,35.5
2017-04-29 18:10:00,754.6,821.4,711.5,638.8,847.3,827.7,10.7,36.4
2017-04-29 19:10:00,781.5,849.3,762.8,674.0,876.0,869.8,11.8,38.9
2017-04-29 20:10:00,781.5,847.3,754.3,667.7,862.2,856.3,12.1,38.7
2017-04-29 21:10:00,755.2,842.1,782.0,661.7,847.7,854.9,12.3,38.5
2017-04-29 22:10:00,733.0,808.4,757.1,634.9,795.9,818.3,12.0,36.3
2017-04-29 23:10:00,713.9,780.6,756.1,632.8,762.2,796.0,12.2,35.0
2017-04-30 00:10:00,625.6,731.5,741.1,593.6,735.2,757.1,11.8,31.5
2017-04-30 01:10:00,602.9,681.2,656.0,562.0,731.9,730.1,11.0,28.5
2017-04-30 02:10:00,619.3,649.0,580.2,544.6,731.2,720.3,10.8,27.7
2017-04-30 03:10:00,585.2,633.4,554.5,532.2,736.5,695.1,11.0,26.6
2017-04-30 04:10:00,569.2,618.7,553.8,521.2,723.4,690.4,10.4,26.5
2017-04-30 05:10:00,567.8,624.8,522.8,524.9,767.6,692.1,10.8,27.2
2017-04-30 06:10:00,601.9,627.9,502.5,536.4,758.0,681.8,10.6,27.0
2017-04-30 07:10:00,631.5,647.8,500.5,529.0,756.8,694.3,10.4,28.2
2017-04-30 08:10:00,618.2,672.1,553.9,536.9,764.5,709.3,10.7,29.0
2017-04-30 09:10:00,617.8,708.0,614.3,553.0,788.5,739.8,10.6,30.4
2017-04-30 10:10:00,584.9,743.5,681.6,567.2,820.3,755.2,10.6,31.6
2017-04-30 11:10:00,617.7,778.4,711.6,577.5,833.9,784.9,10.8,33.1
2017-04-30 12:10:00,619.1,768.5,713.1,582.0,824.1,784.9,10.9,31.9
2017-04-30 13:10:00,662.7,789.6,702.3,566.0,797.4,785.4,10.3,31.7
2017-04-30 14:10:00,677.1,775.3,710.4,567.9,767.3,789.3,10.1,32.4
2017-04-30 15:10:00,653.2,772.9,702.9,573.3,783.8,771.8,9.9,31.8
2017-04-30 16:10:00,692.7,775.9,700.2,583.3,762.2,772.8,10.2,33.4
2017-04-30 17:10:00,737.7,794.3,709.6,598.5,755.1,784.8,9.9,34.7
2017-04-30 18:10:00,807.5,818.5,738.8,624.9,730.1,805.5,9.5,37.0
2017-04-30 19:10:00,833.1,838.9,760.2,655.4,770.9,840.2,9.9,39.6
2017-04-30 20:10:00,817.4,839.0,762.9,646.9,763.0,827.4,9.8,39.8
2017-04-30 21:10:00,802.8,844.8,769.2,628.8,770.8,838.0,9.3,40.4
2017-04-30 22:10:00,759.1,811.1,745.5,631.7,773.6,807.7,9.9,37.6
2017-04-30 23:10:00,702.2,759.6,691.7,594.2,761.9,777.5,9.4,34.0
2017-05-01 00:00:00,673.4,705.5,572.9,560.1,777.0,736.4,9.3,30.6
2017-05-01 01:10:00,662.6,665.3,522.9,547.3,763.6,717.2,9.5,28.7
2017-05-01 02:10:00,597.1,628.6,530.1,545.1,753.5,689.1,9.5,27.4
2017-05-01 03:10:00,562.8,603.2,524.0,517.7,738.8,687.6,9.4,26.6
2017-05-01 04:10:00,547.6,604.1,521.9,515.4,744.9,677.9,9.2,26.1
2017-05-01 05:10:00,543.5,610.8,533.5,519.0,764.9,694.6,9.6,27.2
2017-05-01 06:10:00,534.3,611.5,547.1,513.2,746.3,685.4,9.8,27.4
2017-05-01 07:10:00,569.5,663.4,554.7,522.0,784.8,703.7,9.2,29.1
2017-05-01 08:10:00,587.6,711.1,626.7,567.0,821.5,735.3,8.6,31.0
2017-05-01 09:10:00,586.1,784.8,754.0,597.0,845.3,779.9,8.7,32.4
2017-05-01 10:10:00,612.9,812.2,740.7,605.4,925.4,837.0,8.5,32.9
2017-05-01 11:10:00,652.1,853.0,751.4,604.4,921.8,842.3,8.7,34.4
2017-05-01 12:10:00,676.8,847.8,748.2,603.5,888.4,836.7,8.8,34.1
2017-05-01 13:10:00,674.4,855.8,752.7,605.7,899.2,839.6,8.7,33.8
2017-05-01 14:10:00,719.3,862.7,748.6,620.1,888.2,847.5,8.1,33.8
2017-05-01 15:10:00,688.1,862.4,755.3,627.8,915.9,842.6,8.4,34.9
2017-05-01 16:10:00,692.8,858.0,747.0,623.3,901.1,833.0,8.3,35.0
2017-05-01 17:10:00,722.2,875.2,758.9,638.6,918.4,857.9,8.6,36.4
2017-05-01 18:10:00,773.0,887.4,761.3,648.0,889.6,858.3,8.4,38.6
2017-05-01 19:10:00,813.9,915.0,792.4,679.6,919.9,898.4,8.7,41.9
2017-05-01 20:10:00,758.0,902.2,827.3,672.4,910.8,890.6,9.5,40.4
2017-05-01 21:10:00,742.5,910.6,834.0,659.2,897.2,873.3,9.8,40.3
2017-05-01 22:10:00,738.8,846.7,784.3,627.0,830.9,852.9,9.7,37.1
2017-05-01 23:10:00,755.5,794.8,660.9,606.5,820.6,811.5,9.6,33.8
2017-05-02 00:10:00,666.8,741.1,646.7,580.8,813.1,783.4,9.7,31.1
2017-05-02 01:10:00,616.1,688.1,603.2,557.3,802.0,754.5,7.7,29.0
2017-05-02 02:10:00,569.4,652.7,579.2,544.7,798.2,729.0,7.7,28.1
2017-05-02 03:10:00,560.1,640.1,552.0,525.1,798.9,725.8,7.6,27.7
2017-05-02 04:10:00,561.2,639.6,552.0,526.7,790.0,716.6,7.5,27.9
2017-05-02 05:10:00,571.3,664.4,554.8,538.8,809.7,712.2,7.4,27.9
2017-05-02 06:10:00,604.5,685.1,566.3,541.1,818.4,742.9,7.9,27.8
2017-05-02 07:10:00,643.5,744.5,594.8,573.2,867.9,766.0,7.1,29.5
2017-05-02 08:10:00,807.4,905.9,822.2,697.1,878.6,879.4,7.1,33.0
2017-05-02 09:10:00,873.9,1003.0,886.0,722.6,942.8,948.6,7.0,35.5
2017-05-02 10:10:00,936.1,1047.4,859.2,747.9,1017.9,989.1,7.3,36.0
2017-05-02 11:10:00,943.4,1078.9,881.2,770.0,1038.8,986.5,9.7,37.8
2017-05-02 12:10:00,869.2,1042.3,843.3,700.1,1010.7,955.2,10.4,36.0
2017-05-02 13:10:00,895.5,1082.6,949.3,757.4,1009.2,988.3,10.5,36.1
2017-05-02 14:10:00,912.1,1096.8,979.8,773.9,1014.7,1007.3,9.0,37.6
2017-05-02 15:10:00,915.0,1095.9,976.5,776.0,1012.2,1002.4,8.4,37.9
2017-05-02 16:10:00,950.7,1096.0,972.3,790.9,1008.4,1014.0,8.2,38.7
2017-05-02 17:10:00,953.0,1086.7,948.5,764.8,964.1,982.6,8.4,40.0
2017-05-02 18:10:00,948.2,1071.3,935.9,772.3,975.6,983.9,8.3,40.4
2017-05-02 19:10:00,959.9,1064.4,944.3,782.9,987.1,1011.3,10.5,43.2
2017-05-02 20:10:00,986.0,1040.8,869.4,772.5,975.7,985.9,10.7,42.6
2017-05-02 21:10:00,968.0,991.8,810.2,735.6,947.1,967.5,10.7,41.1
2017-05-02 22:10:00,907.1,921.9,821.1,705.3,849.3,921.5,8.4,37.2
2017-05-02 23:10:00,853.2,897.4,800.5,684.6,863.7,908.9,8.2,34.7
2017-05-03 00:10:00,769.1,825.7,744.7,644.5,848.7,869.7,8.8,31.2
2017-05-03 01:10:00,753.5,777.3,667.3,621.7,836.6,837.5,8.3,29.2
2017-05-03 02:10:00,733.2,742.7,602.6,599.4,833.9,807.1,8.2,28.7
2017-05-03 03:10:00,705.5,721.3,600.6,585.6,813.3,792.8,8.1,27.7
2017-05-03 04:10:00,715.9,725.9,602.8,581.4,795.6,786.3,7.9,28.5
2017-05-03 05:10:00,726.8,720.3,602.9,582.8,784.0,790.3,8.2,28.6
2017-05-03 06:10:00,732.2,738.1,605.1,601.9,796.0,772.5,8.1,29.0
2017-05-03 07:10:00,773.0,795.0,651.2,628.6,837.1,814.8,8.1,31.0
2017-05-03 08:10:00,830.4,946.8,860.7,722.1,908.1,904.6,8.2,33.9
2017-05-03 09:10:00,930.5,1039.7,889.1,764.9,991.1,978.1,8.1,36.2
2017-05-03 10:10:00,975.8,1085.1,884.1,788.3,1058.7,1015.3,8.1,37.9
2017-05-03 11:10:00,1000.5,1133.5,920.0,808.4,1085.2,1032.2,8.1,39.7
2017-05-03 12:10:00,983.0,1122.0,904.1,779.5,1064.5,1019.9,8.3,38.6
2017-05-03 13:10:00,999.5,1129.5,928.5,804.7,1081.5,1046.8,9.9,38.4
2017-05-03 14:10:00,1011.3,1162.0,970.1,826.8,1089.2,1052.5,10.5,39.7
2017-05-03 15:10:00,1017.9,1155.1,948.4,826.1,1083.5,1039.8,10.5,39.3
2017-05-03 16:10:00,1019.5,1149.4,971.1,829.1,1065.3,1047.5,10.4,40.2
2017-05-03 17:10:00,980.5,1105.3,917.2,789.9,1021.1,991.4,7.6,39.7
2017-05-03 18:10:00,992.0,1095.4,916.8,797.6,1006.9,988.3,7.0,41.5
2017-05-03 19:10:00,1003.7,1094.7,925.4,814.3,1024.2,1010.9,9.7,43.2
2017-05-03 20:10:00,982.2,1055.1,921.9,787.6,965.2,993.7,10.1,42.9
2017-05-03 21:10:00,969.4,1024.5,881.2,759.6,940.5,975.8,10.4,41.7
2017-05-03 22:10:00,972.2,952.3,826.8,719.0,851.0,947.6,8.4,39.5
2017-05-03 23:10:00,909.9,909.4,823.0,705.1,842.8,931.6,7.1,36.8
2017-05-04 00:10:00,859.9,839.7,738.8,669.4,816.8,880.3,7.0,33.2
2017-05-04 01:10:00,857.9,781.2,615.3,643.3,823.2,848.5,7.1,30.5
2017-05-04 02:10:00,787.5,754.3,621.3,626.0,820.9,826.6,6.9,29.7
2017-05-04 03:10:00,750.7,733.8,603.5,618.1,817.0,797.8,7.2,28.7
2017-05-04 04:10:00,742.8,720.4,598.2,602.6,801.0,797.8,6.9,28.1
2017-05-04 05:10:00,740.9,718.6,593.4,605.5,803.2,791.3,6.9,28.9
2017-05-04 06:10:00,760.8,743.6,600.0,612.4,807.4,789.0,6.7,29.9
2017-05-04 07:10:00,792.0,813.8,663.2,639.9,834.6,811.6,7.0,31.5
2017-05-04 08:10:00,861.7,915.5,770.5,710.2,897.8,878.3,7.1,33.2
2017-05-04 09:10:00,997.5,1070.6,885.9,793.3,988.6,976.7,6.2,37.5
2017-05-04 10:10:00,1014.2,1116.5,879.7,805.0,1075.1,1014.7,5.6,38.4
2017-05-04 11:10:00,1031.6,1181.5,945.8,821.6,1111.6,1055.4,9.4,39.8
2017-05-04 12:10:00,1034.3,1153.8,861.0,788.5,1111.7,1034.5,9.5,39.6
2017-05-04 13:10:00,1012.2,1164.5,944.5,821.8,1117.2,1052.7,5.9,40.8
2017-05-04 14:10:00,1010.4,1175.6,976.9,833.8,1106.0,1049.6,6.0,40.2
2017-05-04 15:10:00,1016.7,1185.1,978.1,837.9,1104.6,1042.6,6.1,39.7
2017-05-04 16:10:00,1015.3,1168.7,982.8,841.4,1088.1,1044.2,6.7,38.7
2017-05-04 17:10:00,1012.2,1144.1,932.3,804.9,1043.8,1008.0,7.0,38.4
2017-05-04 18:10:00,1008.2,1129.4,925.3,808.9,1050.2,1013.4,7.6,39.7
2017-05-04 19:10:00,1004.0,1123.1,974.0,840.1,1048.5,1028.6,7.6,42.2
2017-05-04 20:10:00,1007.0,1097.0,930.8,801.3,1007.7,1012.8,7.7,42.0
2017-05-04 21:10:00,998.2,1059.3,904.0,774.3,970.0,1005.1,7.7,41.1
2017-05-04 22:10:00,924.7,985.0,886.7,760.8,929.6,963.8,7.6,39.0
2017-05-04 23:10:00,860.0,938.9,882.4,728.8,915.1,960.8,7.5,36.6
2017-05-05 00:10:00,844.6,858.8,778.7,697.7,869.0,911.3,7.6,32.1
2017-05-05 01:10:00,815.0,810.5,686.0,664.5,867.4,871.0,7.6,29.9
2017-05-05 02:10:00,789.0,771.3,621.5,659.4,891.7,849.5,7.6,29.6
2017-05-05 03:10:00,768.6,744.7,598.6,631.6,848.6,818.4,7.5,28.6
2017-05-05 04:10:00,749.2,741.8,595.3,613.9,842.4,810.4,7.4,28.0
2017-05-05 05:10:00,737.6,735.4,601.2,635.9,850.3,797.4,7.6,28.1
2017-05-05 06:10:00,731.7,749.4,585.5,615.2,861.3,793.5,7.7,28.2
2017-05-05 07:10:00,789.6,816.3,630.6,643.2,882.8,818.9,5.8,30.4
2017-05-05 08:10:00,864.7,935.0,792.6,718.4,922.1,899.4,5.9,32.4
2017-05-05 09:10:00,988.9,1091.9,902.8,805.1,1032.6,996.5,5.8,36.6
2017-05-05 10:10:00,1009.3,1142.3,921.3,830.3,1128.3,1053.9,6.0,38.4
2017-05-05 11:10:00,1008.8,1184.0,998.7,849.6,1137.7,1080.9,9.1,39.8
2017-05-05 12:10:00,967.3,1136.5,839.7,765.6,1139.5,1015.1,9.0,38.3
2017-05-05 13:10:00,997.6,1183.3,966.7,822.9,1143.1,1070.3,9.2,40.1
2017-05-05 14:10:00,1019.4,1187.6,993.3,852.8,1137.3,1078.6,9.3,40.3
2017-05-05 15:10:00,1014.5,1164.6,984.1,856.9,1115.2,1061.6,9.2,39.8
2017-05-05 16:10:00,1013.3,1165.3,981.4,847.2,1102.3,1050.8,6.5,40.2
2017-05-05 17:10:00,1012.2,1129.0,920.2,811.0,1073.1,1031.6,6.4,40.3
2017-05-05 18:10:00,1020.4,1128.3,923.5,822.8,1062.3,1020.6,7.1,41.6
2017-05-05 19:10:00,1016.9,1115.9,918.4,827.6,1069.9,1029.6,9.2,41.2
2017-05-05 20:10:00,1008.6,1065.0,885.1,804.4,1012.0,1003.9,9.2,41.5
2017-05-05 21:10:00,1006.0,1031.0,856.2,770.7,956.8,985.4,9.2,41.1
2017-05-05 22:10:00,1000.0,985.5,855.1,761.3,893.9,969.6,6.2,38.7
2017-05-05 23:10:00,936.8,929.1,830.9,752.3,905.4,961.8,6.3,36.3
2017-05-06 00:10:00,879.2,867.9,753.3,700.7,899.9,936.5,6.2,33.5
2017-05-06 01:10:00,816.3,829.6,702.1,676.0,899.2,887.4,6.5,31.2
2017-05-06 02:10:00,804.8,780.3,596.6,642.7,913.0,867.7,6.3,29.9
2017-05-06 03:10:00,792.6,764.3,571.1,615.3,900.8,861.0,5.4,29.3
2017-05-06 04:10:00,762.8,728.6,562.5,617.9,865.1,820.3,5.3,29.0
2017-05-06 05:10:00,749.6,737.5,567.8,608.6,870.7,819.2,5.5,28.5
2017-05-06 06:10:00,752.2,737.3,558.7,609.9,867.5,807.4,5.4,29.2
2017-05-06 07:10:00,769.9,759.3,565.6,612.4,883.1,822.3,5.5,30.1
2017-05-06 08:10:00,762.7,794.1,684.9,655.4,882.1,853.6,5.0,31.5
2017-05-06 09:10:00,833.4,863.8,749.1,704.1,936.4,922.8,6.2,34.4
2017-05-06 10:10:00,852.4,915.4,787.7,724.4,994.2,964.7,6.1,35.9
2017-05-06 11:10:00,855.1,947.0,791.6,731.5,1033.0,970.8,7.9,38.4
2017-05-06 12:10:00,819.1,953.0,805.8,717.0,1049.4,973.8,8.4,38.9
2017-05-06 13:10:00,824.0,948.5,776.8,706.3,1066.2,980.7,7.9,39.5
2017-05-06 14:10:00,872.8,956.0,794.6,733.4,1052.0,998.7,8.0,39.2
2017-05-06 15:10:00,857.9,942.9,800.8,742.2,1046.1,988.7,8.8,39.7
2017-05-06 16:10:00,834.5,929.3,791.8,714.2,1021.5,972.8,8.5,40.0
2017-05-06 17:10:00,805.2,925.2,815.7,709.8,1016.7,971.2,8.5,40.0
2017-05-06 18:10:00,791.3,923.2,804.7,691.2,993.9,943.9,8.7,40.5
2017-05-06 19:10:00,845.5,934.6,833.1,727.1,989.2,972.6,8.6,41.9
2017-05-06 20:10:00,859.8,923.1,830.2,737.5,964.6,961.2,8.7,41.5
2017-05-06 21:10:00,867.5,912.1,800.1,714.2,951.8,961.2,8.8,40.8
2017-05-06 22:10:00,818.7,869.7,810.9,695.5,890.5,925.1,8.8,38.7
2017-05-06 23:10:00,769.1,831.6,804.7,680.3,879.9,914.7,8.7,35.9
2017-05-07 00:10:00,706.5,793.7,770.0,650.5,864.3,871.7,8.8,33.8
2017-05-07 01:10:00,674.5,750.4,696.4,616.4,863.6,843.6,8.2,32.2
2017-05-07 02:10:00,658.3,693.3,616.9,604.6,851.8,807.1,8.4,30.3
2017-05-07 03:10:00,652.0,682.5,593.4,590.4,842.8,793.5,7.7,29.5
2017-05-07 04:10:00,630.3,662.2,593.9,589.0,823.0,775.3,7.6,28.5
2017-05-07 05:10:00,626.1,679.8,598.8,582.8,820.8,759.9,7.4,30.6
2017-05-07 06:10:00,634.5,668.7,567.5,569.2,817.0,759.4,7.7,29.5
2017-05-07 07:10:00,644.6,680.9,568.1,557.7,818.8,770.1,7.6,30.4
2017-05-07 08:10:00,668.8,709.2,629.0,575.6,809.4,797.9,7.4,32.0
2017-05-07 09:10:00,683.6,767.8,695.6,594.0,839.3,830.1,7.6,33.9
2017-05-07 10:10:00,637.1,789.9,776.3,602.3,871.8,866.4,7.5,34.2
2017-05-07 11:10:00,681.0,834.1,810.8,629.8,877.1,876.4,7.5,36.2
2017-05-07 12:10:00,719.8,830.7,799.5,641.6,874.6,892.8,7.6,36.4
2017-05-07 13:10:00,712.2,838.1,822.7,633.2,877.4,912.8,7.8,36.0
2017-05-07 14:10:00,742.3,827.6,809.5,640.7,845.9,900.9,7.8,36.2
2017-05-07 15:10:00,723.7,825.8,810.2,646.3,853.1,887.3,8.1,35.7
2017-05-07 16:10:00,700.2,834.0,825.4,656.8,879.0,884.3,8.0,37.3
2017-05-07 17:10:00,691.4,839.2,835.7,658.7,867.1,866.5,8.0,37.8
2017-05-07 18:10:00,728.0,870.8,878.7,679.1,862.9,887.7,8.1,40.1
2017-05-07 19:10:00,785.6,898.0,899.2,702.3,869.2,920.8,9.2,42.1
2017-05-07 20:10:00,774.0,893.8,886.7,706.2,892.0,920.7,9.1,41.0
2017-05-07 21:10:00,768.4,888.9,867.5,690.6,896.9,921.1,9.3,41.6
2017-05-07 22:10:00,778.9,845.2,878.2,689.7,819.6,912.5,9.1,38.5
2017-05-07 23:10:00,743.2,801.5,821.3,663.9,802.8,875.5,9.1,35.6
2017-05-08 00:10:00,701.7,742.3,735.7,627.4,801.5,846.2,9.2,32.2
2017-05-08 01:10:00,727.1,712.8,629.6,605.2,812.6,828.9,9.3,31.7
2017-05-08 02:10:00,693.6,666.1,582.8,593.1,798.8,794.1,7.7,29.7
2017-05-08 03:10:00,649.9,645.6,576.3,587.6,799.5,771.1,7.6,28.9
2017-05-08 04:10:00,623.7,638.1,574.1,581.7,806.2,763.4,7.6,28.4
2017-05-08 05:10:00,632.2,656.1,573.9,574.1,802.8,757.4,7.5,28.9
2017-05-08 06:10:00,645.8,676.0,575.3,579.1,819.1,763.3,7.5,29.3
2017-05-08 07:10:00,703.2,747.6,592.3,596.3,867.4,796.7,7.5,29.9
2017-05-08 08:10:00,750.5,885.1,797.2,703.0,941.8,876.5,7.5,32.4
2017-05-08 09:10:00,941.7,1061.4,880.7,789.4,1058.5,1000.3,7.6,37.4
2017-05-08 10:10:00,931.6,1124.5,919.2,803.4,1135.2,1027.1,7.6,38.6
2017-05-08 11:10:00,961.5,1188.4,1010.0,837.3,1138.3,1051.8,7.6,39.9
2017-05-08 12:10:00,920.9,1124.7,871.2,756.4,1128.4,1008.2,7.5,38.9
2017-05-08 13:10:00,957.4,1157.5,948.4,812.9,1161.8,1064.6,7.3,39.8
2017-05-08 14:10:00,961.6,1169.0,991.3,833.2,1146.8,1068.8,10.3,39.0
2017-05-08 15:10:00,965.6,1167.8,969.5,835.3,1144.3,1047.7,10.4,38.8
2017-05-08 16:10:00,958.0,1156.8,1002.9,846.5,1120.2,1049.1,10.3,38.9
2017-05-08 17:10:00,964.1,1122.0,886.9,798.7,1108.7,1005.4,6.7,40.3
2017-05-08 18:10:00,975.9,1119.9,917.8,818.7,1100.2,1021.0,6.9,41.3
2017-05-08 19:10:00,981.5,1114.4,937.4,828.2,1109.4,1048.9,6.7,43.6
2017-05-08 20:10:00,971.9,1078.3,875.7,814.6,1112.4,1030.5,6.7,43.3
2017-05-08 21:10:00,961.7,1029.6,842.5,774.9,1054.0,1018.6,6.7,41.8
2017-05-08 22:10:00,915.9,978.0,808.7,754.5,1033.5,992.9,6.9,39.5
2017-05-08 23:10:00,908.6,929.9,769.7,734.8,1007.6,990.5,6.9,37.5
2017-05-09 00:10:00,888.6,843.7,659.5,681.7,936.6,930.9,6.4,34.8
2017-05-09 01:10:00,852.8,803.8,609.1,661.4,937.9,908.6,6.8,33.0
2017-05-09 02:10:00,810.7,767.8,589.4,627.2,891.1,871.5,6.8,31.5
2017-05-09 03:10:00,788.7,745.7,568.0,632.6,888.5,842.9,6.8,30.9
2017-05-09 04:10:00,772.1,735.3,562.1,630.6,874.8,820.4,6.9,29.6
2017-05-09 05:10:00,756.7,733.0,569.2,619.7,867.5,816.2,6.6,31.0
2017-05-09 06:10:00,785.9,752.6,561.4,615.4,860.3,815.6,6.8,30.7
2017-05-09 07:10:00,790.8,808.8,640.1,652.4,898.1,842.4,6.9,32.4
2017-05-09 08:10:00,865.5,914.8,812.1,748.1,923.9,911.8,7.0,33.9
2017-05-09 09:10:00,988.8,1091.0,914.7,813.3,1051.3,1019.8,8.5,39.2
2017-05-09 10:10:00,983.9,1109.3,898.2,828.4,1137.5,1050.8,7.7,38.8
2017-05-09 11:10:00,998.1,1149.3,927.8,848.9,1173.4,1070.1,10.1,41.0
2017-05-09 12:10:00,939.5,1102.2,871.5,790.9,1148.8,1032.9,6.7,40.5
2017-05-09 13:10:00,994.6,1133.3,898.7,832.2,1174.4,1070.8,10.4,41.7
2017-05-09 14:10:00,1004.2,1147.9,950.9,854.4,1169.8,1089.2,10.0,43.4
2017-05-09 15:10:00,1000.6,1135.2,940.7,853.9,1159.8,1078.0,10.1,44.0
2017-05-09 16:10:00,1003.0,1141.6,953.0,849.6,1141.8,1072.5,9.3,43.4
2017-05-09 17:10:00,1004.2,1121.6,896.4,820.8,1111.2,1035.8,9.2,42.8
2017-05-09 18:10:00,991.7,1110.8,894.3,817.6,1104.3,1025.5,7.3,43.8
2017-05-09 19:12:00,1002.4,1120.4,933.8,830.6,1110.1,1055.5,7.2,47.0
2017-05-09 20:10:00,995.2,1081.7,881.5,821.1,1095.2,1030.4,7.8,46.5
2017-05-09 22:10:00,939.7,975.5,864.2,746.9,948.6,995.8,7.7,42.0
2017-05-09 23:10:00,901.6,933.7,815.3,734.9,965.7,980.7,7.9,41.2
2017-05-10 00:12:00,841.8,848.9,729.3,690.5,937.4,938.7,7.7,38.1
2017-05-10 01:13:00,810.8,804.6,690.3,667.5,894.9,894.5,6.8,36.2
2017-05-10 02:12:00,805.7,770.0,595.2,634.9,890.2,858.6,6.8,34.4
2017-05-10 03:12:00,771.9,732.6,587.0,626.2,857.0,830.3,6.9,33.7
2017-05-10 04:13:00,752.2,728.2,593.5,625.1,862.3,828.0,6.9,33.6
2017-05-10 05:12:00,739.4,736.9,584.8,606.9,865.5,819.9,6.9,33.0
2017-05-10 06:13:00,751.2,746.0,596.3,620.1,869.7,824.8,7.1,33.3
2017-05-10 07:07:00,751.4,817.4,670.4,634.7,903.2,844.4,6.7,35.0
2017-05-10 08:13:00,806.9,896.9,745.7,686.8,950.6,891.3,6.6,35.0
2017-05-10 09:10:00,976.0,1085.6,874.7,790.2,1070.6,1012.1,6.6,40.0
2017-05-10 10:10:00,991.9,1146.9,899.5,813.9,1157.2,1054.1,7.4,41.1
2017-05-10 11:10:00,989.0,1204.1,1001.4,835.3,1176.9,1092.8,7.5,42.5
2017-05-10 12:10:00,995.2,1162.8,866.8,784.1,1173.0,1053.8,7.6,41.9
2017-05-10 13:10:00,1005.4,1202.5,1001.4,848.7,1177.9,1101.0,9.5,42.0
2017-05-10 14:10:00,1014.7,1228.9,1012.1,845.0,1184.5,1104.7,8.9,41.7
2017-05-10 15:10:00,1029.8,1224.9,1005.1,855.9,1159.8,1079.0,7.4,42.2
2017-05-10 16:10:00,1020.9,1215.0,1010.5,862.5,1135.7,1054.1,7.6,43.0
2017-05-10 17:10:00,997.8,1176.1,959.8,817.5,1102.7,1031.6,6.7,41.7
2017-05-10 18:10:00,997.1,1173.3,984.7,825.6,1086.2,1032.3,6.8,43.6
2017-05-10 19:10:00,1028.8,1161.2,934.7,826.2,1113.7,1054.5,9.6,44.9
2017-05-10 20:10:00,990.5,1110.2,899.7,813.5,1096.5,1028.1,9.6,44.5
2017-05-10 21:10:00,984.6,1071.6,919.6,801.9,1010.8,1008.0,9.5,42.9
2017-05-10 22:10:00,972.2,1032.5,889.6,767.7,971.5,998.6,7.5,42.0
2017-05-10 23:10:00,921.6,969.2,861.5,760.9,954.4,972.0,6.3,41.6
2017-05-11 00:10:00,919.1,903.2,710.3,717.1,958.6,937.5,6.6,36.8
2017-05-11 01:10:00,865.2,839.1,630.3,676.2,954.8,905.6,6.8,36.1
2017-05-11 02:10:00,846.8,810.5,604.1,665.5,923.7,871.0,6.8,34.4
2017-05-11 03:10:00,804.7,778.2,599.4,651.1,900.0,847.9,6.7,33.5
2017-05-11 04:10:00,777.9,774.6,602.9,641.7,888.8,827.1,6.8,33.0
2017-05-11 05:10:00,773.9,760.8,597.0,633.3,880.6,831.5,6.9,32.8
2017-05-11 06:10:00,763.6,773.1,600.5,628.2,880.4,817.2,6.7,32.7
2017-05-11 07:10:00,811.1,852.8,666.8,673.7,926.0,850.1,6.7,34.0
2017-05-11 08:10:00,873.6,951.7,784.1,738.0,981.6,921.2,6.6,35.0
2017-05-11 09:10:00,997.4,1148.7,901.0,784.9,1091.9,1023.0,6.4,40.0
2017-05-11 10:10:00,1014.2,1188.8,931.2,832.2,1168.7,1059.1,5.7,39.6
2017-05-11 11:10:00,1014.1,1249.3,1047.2,859.9,1153.8,1073.6,8.5,40.9
2017-05-11 12:10:00,1018.3,1214.2,909.7,782.1,1131.2,1027.8,4.6,39.6
2017-05-11 13:10:00,1052.7,1240.7,991.5,851.2,1159.4,1075.7,4.6,40.6
2017-05-11 14:10:00,1067.2,1255.0,996.8,858.2,1164.9,1087.9,12.6,40.3
2017-05-11 15:10:00,1077.9,1246.3,985.6,854.3,1132.5,1063.7,8.4,40.3
2017-05-11 16:10:00,1103.6,1234.6,971.2,871.6,1135.7,1070.0,5.5,39.8
2017-05-11 17:10:00,1083.8,1194.9,930.8,826.9,1082.2,1041.2,5.5,39.3
2017-05-11 18:10:00,1080.1,1187.6,926.0,848.9,1072.9,1007.5,5.5,40.7
2017-05-11 19:10:00,1091.0,1186.5,950.6,873.4,1083.6,1027.6,5.4,43.1
2017-05-11 20:10:00,1099.4,1139.1,927.6,858.1,1028.3,1020.9,5.5,42.6
2017-05-11 21:10:00,1073.3,1099.8,890.7,820.7,998.8,1006.3,5.6,41.6
2017-05-11 22:10:00,1018.5,1020.1,835.8,779.5,955.6,977.2,5.6,38.7
2017-05-11 23:10:00,1009.2,980.9,837.8,773.6,904.0,963.0,5.5,39.1
2017-05-12 00:10:00,951.8,895.6,788.7,753.6,855.8,916.7,5.2,35.6
2017-05-12 01:10:00,951.4,848.1,678.4,723.2,853.6,884.6,5.3,32.8
2017-05-12 02:10:00,960.1,797.5,595.1,707.8,828.6,851.3,5.0,32.2
2017-05-12 03:10:00,934.5,774.5,594.5,670.7,772.4,829.5,4.9,31.6
2017-05-12 04:10:00,898.6,772.6,592.4,675.7,787.7,804.9,5.1,30.8
2017-05-12 05:10:00,878.0,769.2,598.1,659.4,779.6,800.8,5.2,31.5
2017-05-12 06:10:00,894.8,778.0,593.8,634.0,785.4,836.4,5.1,30.8
2017-05-12 07:10:00,910.4,839.4,643.7,645.6,817.5,858.2,4.4,32.8
2017-05-12 08:10:00,1011.6,1001.1,827.0,756.5,924.8,976.6,4.5,33.6
2017-05-12 09:10:00,1090.2,1122.6,915.8,814.0,1012.4,1049.4,4.5,36.9
2017-05-12 10:10:00,1091.1,1162.2,924.7,834.7,1088.5,1073.7,4.8,38.4
2017-05-12 11:10:00,1089.4,1228.1,1038.4,864.0,1099.1,1102.5,7.7,40.0
2017-05-12 12:10:00,1070.7,1165.1,856.0,774.5,1112.0,1065.6,4.7,38.1
2017-05-12 13:10:00,1095.7,1222.2,983.8,848.2,1094.4,1072.2,8.4,39.6
2017-05-12 14:10:00,1132.3,1236.0,981.7,871.2,1111.6,1087.2,8.5,39.6
2017-05-12 15:10:00,1091.8,1223.8,989.5,866.4,1090.7,1052.3,8.4,38.1
2017-05-12 16:10:00,1096.4,1217.2,974.2,854.4,1081.9,1051.0,8.5,38.4
2017-05-12 17:10:00,1079.2,1178.2,904.8,812.0,1069.7,1034.3,8.4,37.5
2017-05-12 18:10:00,1101.2,1163.3,897.7,856.2,1057.4,1007.1,8.4,38.0
2017-05-12 19:10:00,1112.7,1148.2,913.0,870.8,1056.7,1028.3,5.7,40.7
2017-05-12 20:10:00,1049.5,1121.6,929.9,860.1,1055.6,1018.2,5.8,40.9
2017-05-12 21:10:00,1018.7,1085.6,898.2,816.2,1017.7,997.8,5.5,40.5
2017-05-12 22:10:00,961.4,1029.5,927.5,810.0,970.6,987.8,5.6,37.7
2017-05-12 23:10:00,938.9,978.4,885.9,805.6,961.0,969.7,5.7,37.8
2017-05-13 00:10:00,911.2,902.7,789.4,766.1,936.7,938.5,5.1,35.0
2017-05-13 01:10:00,890.4,850.3,687.9,742.7,944.1,902.1,5.2,32.5
2017-05-13 02:10:00,879.1,815.6,665.5,719.7,885.8,869.1,5.1,31.1
2017-05-13 03:10:00,892.8,790.5,585.2,712.9,888.7,837.5,4.9,30.7
2017-05-13 04:10:00,882.9,762.2,556.4,692.1,851.9,811.6,4.5,29.8
2017-05-13 05:10:00,892.1,772.7,540.6,689.4,844.3,789.8,4.6,29.8
2017-05-13 06:10:00,892.2,769.3,533.0,671.5,824.8,785.8,4.9,28.4
2017-05-13 07:10:00,867.4,796.0,581.6,623.6,823.0,827.1,4.5,29.9
2017-05-13 08:10:00,890.3,839.7,683.0,668.7,841.9,880.1,4.8,31.6
2017-05-13 09:10:00,886.5,894.3,809.9,702.8,870.9,941.5,4.9,33.7
2017-05-13 10:10:00,965.2,934.3,781.2,721.5,907.2,966.2,4.7,36.2
2017-05-13 11:10:00,984.1,960.8,801.3,753.8,957.1,996.0,5.7,37.7
2017-05-13 12:10:00,1007.0,975.9,799.5,734.1,916.9,981.6,5.6,37.4
2017-05-13 13:10:00,942.8,953.2,804.9,735.6,938.3,965.5,5.7,37.5
2017-05-13 14:10:00,939.8,968.3,847.8,732.1,937.5,992.5,5.8,38.0
2017-05-13 15:10:00,940.3,949.1,831.5,733.8,918.5,974.2,5.5,38.7
2017-05-13 16:10:00,946.1,947.0,816.4,734.7,896.4,944.7,5.5,37.9
2017-05-13 17:10:00,920.1,944.5,812.7,705.8,889.2,940.4,7.5,38.8
2017-05-13 18:10:00,933.8,946.1,808.3,765.8,911.2,909.4,7.5,39.6
2017-05-13 19:10:00,930.4,965.7,856.0,783.1,928.1,931.2,7.5,41.9
2017-05-13 20:10:00,930.0,957.9,830.8,762.5,921.7,928.4,6.5,40.2
2017-05-13 21:10:00,927.5,930.1,840.3,742.1,856.1,917.4,6.8,41.2
2017-05-13 22:10:00,915.4,911.1,825.9,737.2,846.1,905.6,6.6,40.0
2017-05-13 23:10:00,880.6,857.6,829.6,720.7,798.9,900.0,6.4,37.3
2017-05-14 00:10:00,836.0,820.8,772.5,685.4,797.2,871.2,6.5,34.8
2017-05-14 01:10:00,794.1,777.5,723.2,674.8,797.9,837.1,6.6,32.5
2017-05-14 02:10:00,784.4,737.2,629.1,643.8,794.6,802.4,6.4,30.9
2017-05-14 03:10:00,771.7,715.9,596.4,628.7,777.2,776.9,6.4,30.1
2017-05-14 04:10:00,751.5,705.2,594.2,624.2,766.2,758.7,6.2,30.0
2017-05-14 05:10:00,743.8,697.8,595.7,617.6,749.4,750.2,6.4,29.8
2017-05-14 06:10:00,717.9,695.0,588.6,596.5,742.3,734.3,6.3,29.3
2017-05-14 07:10:00,736.5,706.9,595.8,615.6,763.6,749.9,6.3,29.8
2017-05-14 08:10:00,715.0,726.9,651.8,619.5,757.4,752.4,6.0,31.4
2017-05-14 09:10:00,683.7,783.4,771.7,636.1,791.8,800.6,6.3,33.3
2017-05-14 10:10:00,785.9,827.1,765.4,654.6,814.3,855.6,6.4,34.8
2017-05-14 11:10:00,788.0,869.8,794.0,672.2,849.5,859.8,6.2,35.9
2017-05-14 12:10:00,770.2,886.1,812.2,673.9,869.5,861.9,6.8,36.7
2017-05-14 13:10:00,787.1,876.4,791.3,686.9,880.0,866.7,6.7,35.1
2017-05-14 14:10:00,802.8,898.3,809.8,695.9,898.3,887.4,6.8,36.2
2017-05-14 15:10:00,801.9,892.7,814.7,687.4,882.1,888.0,5.9,36.4
2017-05-14 16:10:00,824.4,884.5,813.0,691.4,836.5,868.1,5.9,35.7
2017-05-14 17:10:00,826.7,889.4,819.3,695.3,835.1,865.3,5.9,37.1
2017-05-14 18:10:00,817.3,904.9,836.1,704.9,851.0,862.6,5.9,37.8
2017-05-14 19:10:00,838.8,932.4,878.5,731.6,868.1,891.7,9.4,39.1
2017-05-14 20:10:00,828.6,949.7,879.9,728.4,903.3,903.1,9.5,40.1
2017-05-14 21:10:00,832.9,939.3,876.8,735.5,901.7,904.8,6.8,38.7
2017-05-14 22:10:00,838.5,910.2,873.3,711.0,856.7,915.2,6.8,39.0
2017-05-14 23:10:00,827.1,844.0,781.4,701.5,858.9,893.3,6.8,35.4
2017-05-15 00:10:00,836.3,826.8,694.7,659.2,835.5,853.9,6.8,33.4
2017-05-15 01:10:00,798.0,751.6,622.4,652.3,828.6,820.4,6.3,31.1
2017-05-15 02:10:00,784.6,712.2,590.0,632.2,781.9,788.6,6.4,29.9
2017-05-15 03:10:00,751.2,698.8,591.2,622.7,766.2,764.4,6.3,29.1
2017-05-15 04:10:00,750.9,687.0,566.0,614.6,762.9,755.9,6.3,28.7
2017-05-15 05:10:00,720.5,676.3,564.0,611.8,766.7,740.4,6.5,29.3
2017-05-15 06:10:00,727.6,713.9,594.6,623.9,780.9,743.3,6.5,28.4
2017-05-15 07:10:00,788.6,766.0,621.5,639.1,785.8,767.5,6.2,29.6
2017-05-15 08:10:00,964.8,972.5,805.0,749.6,894.4,914.8,6.1,33.2
2017-05-15 09:10:00,1026.5,1110.4,903.1,808.9,1025.6,1005.3,6.1,36.8
2017-05-15 10:10:00,1038.8,1172.1,960.8,823.7,1061.2,1032.6,6.9,39.3
2017-05-15 11:10:00,1064.8,1223.6,1034.4,851.9,1087.0,1080.5,8.3,38.5
2017-05-15 12:10:00,1030.3,1180.5,900.5,783.9,1085.3,1019.9,6.2,38.0
2017-05-15 13:10:00,1066.0,1217.0,981.3,839.9,1105.9,1066.0,8.2,38.5
2017-05-15 14:10:00,1060.2,1220.3,1008.5,846.4,1088.9,1061.4,8.2,37.6
2017-05-15 15:10:00,1051.3,1203.5,1004.4,847.3,1080.0,1054.9,8.2,38.2
2017-05-15 16:10:00,1049.5,1185.3,1006.9,856.2,1069.1,1049.4,6.4,41.1
2017-05-15 17:10:00,1058.2,1168.1,927.2,813.2,1073.2,1041.8,6.3,41.7
2017-05-15 18:10:00,1035.1,1139.7,903.5,805.1,1072.7,1029.4,6.6,43.6
2017-05-15 19:10:00,1050.2,1136.3,914.2,809.0,1059.4,1042.8,7.4,43.0
2017-05-15 20:10:00,1030.5,1088.8,896.9,799.1,1007.1,1011.3,7.4,42.6
2017-05-15 21:10:00,1025.3,1036.7,893.8,786.8,954.5,1016.2,7.3,41.2
2017-05-15 22:10:00,976.7,954.7,878.8,749.7,848.5,969.7,7.3,37.3
2017-05-15 23:10:00,954.8,908.2,838.2,733.5,837.1,960.4,7.5,35.6
2017-05-16 00:10:00,915.6,826.2,761.1,701.4,807.1,930.5,7.5,33.2
2017-05-16 01:10:00,864.2,774.7,703.9,669.0,779.5,880.9,7.6,30.6
2017-05-16 02:10:00,820.1,744.5,658.5,646.4,783.7,849.5,7.4,29.3
2017-05-16 03:10:00,821.1,734.7,633.7,644.3,776.4,829.9,7.0,29.1
2017-05-16 04:10:00,775.5,712.7,609.5,629.5,787.5,808.8,6.9,28.4
2017-05-16 05:10:00,766.7,714.3,607.3,615.6,781.0,803.5,7.1,28.6
2017-05-16 06:10:00,770.3,730.9,599.1,616.6,788.9,788.2,6.6,29.2
2017-05-16 07:10:00,811.5,794.5,636.4,644.0,830.0,816.1,6.9,30.1
2017-05-16 08:10:00,819.4,889.6,810.5,700.9,851.6,867.0,7.6,31.6
2017-05-16 09:10:00,964.5,1028.4,894.4,775.3,931.0,958.6,7.5,35.2
2017-05-16 10:10:00,1030.9,1081.6,891.6,805.7,982.3,986.9,7.5,38.1
2017-05-16 11:10:00,1036.5,1099.9,919.5,818.3,1004.9,1014.0,8.4,37.1
2017-05-16 12:10:00,998.4,1042.9,849.3,742.2,906.0,946.0,10.6,33.2
2017-05-16 13:10:00,1026.2,1073.4,887.9,792.4,961.3,990.8,10.5,29.1
2017-05-16 14:10:00,1001.5,1084.7,891.8,792.6,1000.8,996.6,15.1,35.3
2017-05-16 15:10:00,987.6,1076.0,886.7,790.8,1004.1,991.8,15.2,34.8
2017-05-16 16:10:00,1012.9,1083.4,900.6,810.7,1011.8,1010.6,15.1,35.7
2017-05-16 17:10:00,977.9,1074.8,920.2,781.6,988.3,1009.4,16.3,37.0
2017-05-16 18:10:00,960.8,1063.0,913.7,769.3,982.4,1003.2,16.2,37.5
2017-05-16 19:10:00,942.0,1057.7,932.8,772.9,985.5,1005.8,16.2,40.1
2017-05-16 20:10:00,914.0,1022.1,959.6,755.1,906.2,979.1,16.2,39.7
2017-05-16 21:10:00,907.9,999.2,901.6,721.2,892.0,956.1,13.8,38.8
2017-05-16 22:10:00,859.0,910.2,855.3,688.0,826.9,921.7,14.1,35.5
2017-05-16 23:10:00,828.1,870.4,801.3,673.9,829.4,895.8,14.8,33.4
2017-05-17 00:10:00,814.7,797.1,675.4,632.8,816.2,862.1,16.1,30.3
2017-05-17 01:10:00,733.3,747.3,652.0,612.9,818.8,831.5,16.1,28.4
2017-05-17 02:10:00,692.5,724.5,627.6,589.6,811.4,806.0,16.0,27.3
2017-05-17 03:10:00,684.4,707.9,600.0,590.3,823.7,798.7,16.2,27.4
2017-05-17 04:10:00,649.8,702.5,599.6,583.7,828.2,781.1,16.1,26.5
2017-05-17 05:10:00,643.7,698.5,607.9,577.6,814.5,779.6,16.1,26.5
2017-05-17 06:10:00,668.8,724.6,602.5,580.5,830.7,785.8,16.0,27.1
2017-05-17 07:10:00,733.4,775.1,614.7,598.1,831.8,794.1,15.9,28.5
2017-05-17 08:10:00,752.7,875.1,777.5,654.0,857.3,843.8,15.1,29.5
2017-05-17 09:10:00,880.7,1005.5,888.8,730.3,926.4,942.9,15.6,32.8
2017-05-17 10:10:00,925.1,1065.4,897.9,774.2,1017.4,982.3,16.1,34.7
2017-05-17 11:10:00,972.7,1112.1,923.3,787.7,1024.7,1001.4,16.7,36.2
2017-05-17 12:10:00,885.6,1049.2,869.7,719.4,995.1,963.2,15.6,34.1
2017-05-17 13:10:00,970.7,1100.6,912.0,785.9,1014.7,993.8,16.7,33.8
2017-05-17 14:10:00,977.3,1118.9,959.0,807.6,1034.4,1023.0,14.0,35.2
2017-05-17 15:10:00,980.1,1101.6,952.8,812.4,1015.9,1012.1,13.1,35.9
2017-05-17 16:10:00,976.7,1097.9,963.8,815.1,1013.0,1018.9,15.0,36.6
2017-05-17 17:10:00,955.7,1074.8,939.3,780.0,962.5,979.8,14.9,37.8
2017-05-17 18:10:00,951.8,1064.1,937.6,763.0,953.8,991.3,15.1,39.7
2017-05-17 19:10:00,976.1,1072.1,944.4,783.7,969.3,1010.0,16.6,40.5
2017-05-17 20:10:00,950.2,1033.4,882.7,756.9,973.5,991.8,16.6,40.9
2017-05-17 21:10:00,876.3,996.8,950.9,742.0,898.4,964.4,16.6,39.0
2017-05-17 22:10:00,826.2,912.2,890.3,711.8,864.9,935.8,14.5,36.0
2017-05-17 23:10:00,833.3,868.4,808.1,701.7,853.3,904.7,14.4,34.1
2017-05-18 00:10:00,799.4,804.3,744.1,665.5,825.4,879.9,11.9,31.1
2017-05-18 01:10:00,736.8,769.4,677.4,632.4,838.5,832.7,11.4,29.5
2017-05-18 02:10:00,704.7,739.5,643.0,612.5,818.9,797.8,11.5,28.2
2017-05-18 03:10:00,696.2,723.3,615.2,600.0,834.6,806.2,11.3,27.7
2017-05-18 04:10:00,679.8,712.2,615.6,608.4,829.2,786.8,10.6,27.7
2017-05-18 05:10:00,678.9,714.0,612.0,596.4,828.9,791.3,10.3,28.3
2017-05-18 06:10:00,728.9,740.8,618.8,618.1,833.6,803.8,10.3,29.0
2017-05-18 07:10:00,786.6,802.2,647.1,635.1,855.8,831.6,10.1,30.7
2017-05-18 08:10:00,875.9,945.9,851.2,723.1,880.5,914.5,9.3,33.4
2017-05-18 09:10:00,977.8,1062.6,895.8,774.7,967.5,976.4,9.0,36.4
2017-05-18 10:10:00,1020.5,1108.7,914.8,817.4,1039.2,1020.5,9.4,37.3
2017-05-18 11:10:00,1010.5,1147.2,986.2,846.1,1080.8,1057.1,11.5,38.5
2017-05-18 12:10:00,963.1,1099.0,893.8,772.5,1044.0,1003.8,10.6,36.2
2017-05-18 13:10:00,1011.4,1134.4,946.5,837.0,1096.7,1057.1,11.0,37.1
2017-05-18 14:10:00,1037.0,1143.2,977.9,851.4,1046.3,1042.1,13.2,37.7
2017-05-18 15:10:00,1036.9,1142.6,970.4,849.9,1058.9,1046.1,10.6,38.3
2017-05-18 16:10:00,1029.4,1140.2,980.3,857.8,1056.3,1039.6,10.5,38.8
2017-05-18 17:10:00,1014.6,1092.6,912.2,811.6,1024.8,1019.0,10.7,39.2
2017-05-18 18:10:00,1012.4,1080.3,912.3,812.9,996.8,998.7,10.4,40.0
2017-05-18 19:10:00,1030.2,1079.0,921.7,828.5,1014.1,1028.1,10.6,41.0
2017-05-18 20:10:00,1027.4,1049.3,913.1,811.7,944.1,993.3,10.6,40.9
2017-05-18 21:10:00,1006.7,1011.3,898.0,772.1,890.6,981.7,10.3,40.5
2017-05-18 22:10:00,942.2,945.8,891.2,751.5,844.0,952.9,10.2,37.4
2017-05-18 23:10:00,870.9,901.1,883.2,728.9,830.7,930.1,10.0,34.6
2017-05-19 00:10:00,806.7,832.4,791.7,687.6,834.5,891.5,10.2,31.6
2017-05-19 01:10:00,783.0,774.8,691.3,660.7,833.7,853.1,9.8,29.2
2017-05-19 02:10:00,767.3,749.7,643.7,638.1,827.2,831.4,9.5,28.6
2017-05-19 03:10:00,757.4,727.8,617.8,633.0,834.1,829.6,9.6,28.5
2017-05-19 04:10:00,739.8,715.8,605.4,627.4,824.9,809.5,9.9,27.4
2017-05-19 05:10:00,749.1,728.0,611.6,632.0,830.7,812.5,9.8,28.8
2017-05-19 06:10:00,763.4,751.6,609.3,641.6,857.7,817.6,9.7,29.2
2017-05-19 07:10:00,777.7,814.7,668.5,653.1,875.1,832.9,9.3,29.8
2017-05-19 08:10:00,850.8,957.5,873.1,736.1,899.9,906.5,9.4,33.0
2017-05-19 09:10:00,996.5,1062.3,889.6,788.4,970.2,979.3,9.4,35.5
2017-05-19 10:10:00,1022.8,1105.8,885.9,828.0,1061.9,1008.8,9.8,37.9
2017-05-19 11:10:00,1028.3,1137.9,931.0,842.2,1092.8,1047.8,11.5,35.8
2017-05-19 12:10:00,970.2,1092.8,892.1,772.9,1004.8,977.4,9.5,33.4
2017-05-19 13:10:00,1034.3,1127.4,911.2,840.0,1056.0,1012.2,11.5,33.5
2017-05-19 14:10:00,1036.6,1139.0,935.1,842.6,1061.5,1028.4,11.6,34.9
2017-05-19 15:10:00,1031.6,1130.1,933.9,842.7,1055.9,1024.3,11.6,35.9
2017-05-19 16:10:00,1068.0,1116.2,903.7,860.4,1048.6,1016.2,8.0,35.4
2017-05-19 17:10:00,1051.4,1097.9,866.1,795.9,995.2,988.7,7.5,37.8
2017-05-19 18:10:00,1033.6,1079.5,857.3,786.7,984.8,978.2,7.7,39.1
2017-05-19 19:10:00,1015.1,1066.5,859.4,778.6,985.3,985.2,9.8,39.3
2017-05-19 20:10:00,977.5,1012.9,861.7,783.5,945.3,961.3,11.4,38.2
2017-05-19 21:10:00,959.5,982.9,864.5,745.2,872.0,942.2,11.5,37.2
2017-05-19 22:10:00,933.2,916.4,809.7,720.9,822.2,904.6,11.3,34.4
2017-05-19 23:10:00,855.2,886.3,797.4,699.7,848.8,892.0,10.1,33.7
2017-05-20 00:10:00,777.6,834.4,738.8,626.3,804.9,839.5,9.6,30.6
2017-05-20 01:10:00,763.3,762.2,677.5,637.5,802.9,826.0,9.6,27.7
2017-05-20 02:10:00,777.5,737.4,627.9,618.1,782.0,812.7,9.5,28.6
2017-05-20 03:10:00,779.0,712.1,601.9,623.9,762.7,790.2,9.5,26.9
2017-05-20 04:10:00,774.4,710.1,603.4,618.7,757.0,788.4,9.5,27.2
2017-05-20 05:10:00,752.1,703.7,601.2,596.2,739.6,775.5,9.6,27.1
2017-05-20 06:10:00,757.7,709.4,595.7,587.5,744.1,781.8,9.3,28.2
2017-05-20 07:10:00,774.5,748.6,632.1,611.4,772.8,798.4,9.5,30.6
2017-05-20 07:30:00,767.5,757.5,626.4,611.5,797.1,801.0,9.5,30.6
2017-05-20 07:30:00,767.5,757.5,626.4,611.5,797.1,801.0,9.5,30.6
2017-05-20 07:30:00,767.5,757.5,626.4,611.5,797.1,801.0,9.5,30.6
2017-05-20 11:10:00,767.5,757.5,626.4,611.5,797.1,801.0,9.5,30.6
2017-05-20 12:10:00,767.5,757.5,626.4,611.5,797.1,801.0,9.5,30.6
2017-05-20 12:40:00,767.5,757.5,626.4,611.5,797.1,801.0,9.5,30.6
2017-05-20 12:40:00,767.5,757.5,626.4,611.5,797.1,801.0,9.5,30.6
2017-05-20 15:10:00,854.5,906.4,782.3,667.0,802.8,844.9,11.4,32.6
2017-05-20 16:10:00,882.0,926.9,802.3,721.0,893.7,907.6,13.0,35.5
2017-05-20 17:10:00,862.9,902.4,808.6,719.5,878.2,904.4,13.0,36.4
2017-05-20 18:10:00,843.3,916.8,818.4,704.8,876.2,891.3,12.7,37.8
2017-05-20 19:10:00,891.0,939.3,868.5,743.1,868.1,915.5,11.2,40.9
2017-05-20 20:10:00,902.1,939.6,845.1,740.4,872.0,911.5,11.6,39.4
2017-05-20 21:10:00,879.3,925.3,825.0,722.8,881.0,909.7,11.4,38.9
2017-05-20 22:10:00,780.1,882.5,831.5,690.7,868.0,880.9,11.6,37.0
2017-05-20 23:10:00,735.6,845.7,814.9,676.1,848.5,855.1,11.7,33.7
2017-05-21 00:10:00,742.2,796.0,784.2,656.7,766.5,819.1,10.0,31.0
2017-05-21 01:10:00,763.2,756.1,680.2,628.2,757.7,797.9,10.8,29.6
2017-05-21 02:10:00,735.2,701.7,624.0,612.5,746.5,773.9,10.5,28.2
2017-05-21 03:10:00,715.9,698.9,623.3,602.2,743.5,764.0,10.5,28.2
2017-05-21 04:10:00,682.8,678.6,591.5,577.3,742.9,744.3,10.3,27.3
2017-05-21 05:10:00,713.9,670.5,574.9,587.3,739.5,753.5,10.6,27.6
2017-05-21 06:10:00,710.7,672.0,556.4,563.7,729.7,743.8,10.5,27.9
2017-05-21 07:10:00,771.8,706.9,558.5,593.1,738.2,748.3,9.1,29.3
2017-05-21 08:10:00,769.3,723.1,583.4,589.8,756.7,774.6,9.0,31.1
2017-05-21 09:10:00,737.5,759.7,665.3,600.1,787.2,807.0,8.9,32.2
2017-05-21 10:10:00,767.5,840.1,740.7,605.3,805.4,843.3,9.1,34.1
2017-05-21 11:10:00,766.2,875.9,765.2,630.7,873.7,872.9,10.5,36.1
2017-05-21 12:10:00,780.2,873.1,757.6,636.5,868.6,871.7,11.0,36.1
2017-05-21 13:10:00,776.1,867.7,756.9,645.9,885.1,879.6,10.6,35.5
2017-05-21 14:10:00,750.6,861.5,761.8,633.3,888.6,881.8,10.5,34.9
2017-05-21 15:10:00,760.2,870.2,774.2,634.0,869.7,874.8,10.5,35.4
2017-05-21 16:10:00,756.4,864.7,774.8,639.6,857.3,858.4,10.3,36.2
2017-05-21 17:10:00,829.2,867.1,781.6,668.5,815.7,864.2,10.3,36.9
2017-05-21 18:10:00,859.1,889.8,794.4,671.8,820.7,884.1,10.4,38.9
2017-05-21 19:10:00,852.5,915.6,837.1,692.3,843.8,896.7,11.9,40.7
2017-05-21 20:10:00,880.2,921.0,844.6,710.2,845.0,909.5,12.0,41.0
2017-05-21 21:10:00,876.5,919.5,836.4,706.3,843.0,902.1,12.0,40.0
2017-05-21 22:10:00,839.1,861.9,808.4,688.9,838.1,906.4,10.0,38.5
2017-05-21 23:10:00,776.0,818.7,789.9,656.7,801.6,866.8,9.9,35.2
2017-05-22 00:10:00,758.3,762.1,720.2,616.8,758.2,835.7,9.8,31.9
2017-05-22 01:10:00,730.3,721.1,683.2,594.8,735.0,810.6,9.1,31.2
2017-05-22 02:10:00,721.0,690.8,627.4,592.5,733.3,778.7,9.1,28.8
2017-05-22 03:10:00,718.0,670.2,577.7,579.6,732.5,759.3,9.3,28.4
2017-05-22 04:10:00,719.9,664.1,579.6,585.4,725.5,756.1,9.3,28.6
2017-05-22 05:10:00,713.6,648.4,570.1,577.8,718.2,756.4,9.2,28.3
2017-05-22 06:10:00,728.5,687.0,575.3,572.0,739.7,765.1,9.4,28.8
2017-05-22 07:10:00,760.5,760.0,586.4,593.4,820.1,792.3,9.4,30.7
2017-05-22 08:10:00,837.4,891.5,769.7,674.0,847.7,864.9,8.8,33.2
2017-05-22 09:10:00,962.5,1057.7,901.5,780.2,976.6,974.8,9.7,37.5
2017-05-22 10:10:00,1001.1,1111.5,903.6,823.1,1064.1,1005.5,9.9,38.6
2017-05-22 11:10:00,1069.5,1168.7,956.9,851.6,1098.3,1076.7,12.2,39.9
2017-05-22 12:10:00,1031.9,1120.5,896.1,793.5,1031.3,1017.3,10.1,38.2
2017-05-22 13:10:00,1074.5,1147.4,937.3,846.3,1067.0,1058.7,12.2,38.6
2017-05-22 14:10:00,1106.3,1175.3,964.8,876.6,1083.4,1075.8,12.2,39.1
2017-05-22 15:10:00,1096.9,1177.9,990.8,878.9,1072.6,1075.7,12.2,40.0
2017-05-22 16:10:00,1083.1,1173.1,995.0,866.8,1056.0,1064.3,9.9,39.7
2017-05-22 17:10:00,1091.7,1142.4,917.6,832.9,1015.3,1018.4,9.5,40.5
2017-05-22 18:10:00,1074.7,1116.4,919.1,835.9,1007.8,1017.3,9.8,41.9
2017-05-22 19:10:00,1092.9,1128.5,945.6,834.7,1000.4,1042.1,9.8,43.5
2017-05-22 20:10:00,1067.3,1082.5,924.8,813.9,945.8,1008.6,9.9,42.9
2017-05-22 21:10:00,1051.0,1040.1,915.1,786.1,906.4,1013.8,9.9,42.5
2017-05-22 22:10:00,992.1,981.7,911.5,781.8,868.0,977.6,9.6,40.0
2017-05-22 23:10:00,906.4,919.2,908.5,753.3,844.6,960.9,9.9,36.0
2017-05-23 00:10:00,852.7,850.8,820.0,712.5,819.7,905.6,9.7,33.2
2017-05-23 01:10:00,843.8,804.4,737.4,681.7,820.1,893.2,9.6,31.5
2017-05-23 02:10:00,845.3,772.1,643.5,658.9,816.7,854.2,9.9,30.1
2017-05-23 03:10:00,819.6,751.4,610.3,649.9,814.5,823.1,9.6,29.6
2017-05-23 04:10:00,819.6,744.2,618.9,653.9,800.4,821.1,9.9,29.5
2017-05-23 05:10:00,794.7,738.9,592.3,632.0,802.9,798.8,9.6,29.8
2017-05-23 06:10:00,794.1,765.6,606.8,638.9,825.2,800.9,9.8,30.4
2017-05-23 07:10:00,816.6,832.2,685.7,651.1,849.2,846.4,9.7,31.6
2017-05-23 08:10:00,917.4,994.3,898.9,754.8,897.3,938.4,9.6,35.7
2017-05-23 09:10:00,1017.4,1116.0,937.6,804.3,1010.3,1016.7,9.5,37.9
2017-05-23 09:50:00,1078.4,1169.1,972.9,859.8,1053.8,1046.3,9.8,39.6
2017-05-23 11:10:00,1096.9,1220.2,1057.6,890.8,1047.5,1061.6,12.0,41.5
2017-05-23 12:10:00,1068.0,1171.6,903.0,813.1,1038.5,993.1,8.5,40.2
2017-05-23 13:10:00,1093.3,1209.3,1009.9,865.4,1068.7,1069.7,12.1,39.7
2017-05-23 14:10:00,1095.7,1227.4,1071.8,904.6,1063.0,1070.5,12.2,40.3
2017-05-23 15:10:00,1105.4,1220.7,1054.4,902.3,1056.3,1063.8,12.2,41.4
2017-05-23 16:10:00,1119.9,1215.5,1042.3,904.8,1047.3,1058.3,9.6,40.4
2017-05-23 17:10:00,1116.5,1170.6,948.7,845.0,1008.5,1027.1,9.3,40.3
2017-05-23 18:10:00,1109.8,1157.1,950.4,849.4,1006.1,1025.9,9.2,43.0
2017-05-23 19:10:00,1120.5,1161.2,968.5,855.1,1013.6,1051.6,9.2,44.0
2017-05-23 20:10:00,1109.8,1129.0,954.6,834.5,972.8,1039.0,9.3,44.0
2017-05-23 21:10:00,1102.9,1075.3,954.1,812.3,880.7,1016.7,9.3,42.7
2017-05-23 22:10:00,1005.1,1017.4,962.8,777.6,857.5,999.3,9.3,40.4
2017-05-23 23:10:00,1014.5,971.9,893.1,765.1,849.9,992.2,9.1,37.4
2017-05-24 00:10:00,1000.7,899.3,780.1,736.2,815.1,935.5,9.3,34.3
2017-05-24 01:10:00,960.4,846.0,697.9,707.9,821.1,902.6,9.0,32.0
2017-05-24 02:10:00,904.1,811.1,670.2,688.1,811.7,864.8,9.0,31.0
2017-05-24 03:10:00,854.4,777.4,627.5,662.1,821.6,843.1,9.3,30.0
2017-05-24 04:10:00,842.7,779.6,631.0,653.1,819.3,839.7,9.1,29.8
2017-05-24 05:10:00,839.8,777.2,629.6,653.8,820.1,837.1,9.1,30.3
2017-05-24 06:10:00,832.0,789.9,629.7,656.8,831.7,824.8,9.2,31.3
2017-05-24 07:10:00,877.7,849.9,647.9,661.7,846.9,837.9,9.1,31.9
2017-05-24 08:10:00,957.4,1036.3,882.5,762.0,922.6,937.1,8.8,35.8
2017-05-24 09:10:00,1058.8,1146.6,953.6,827.3,994.0,1001.5,8.5,39.6
2017-05-24 10:10:00,1119.2,1200.6,969.2,882.3,1050.6,1027.2,10.7,39.6
2017-05-24 11:10:00,1128.6,1261.1,1058.4,891.9,1071.5,1073.4,9.7,41.9
2017-05-24 12:10:00,1111.9,1212.8,915.4,806.8,1054.4,1028.4,7.2,40.9
2017-05-24 13:10:00,1123.6,1248.3,1042.2,884.5,1042.0,1045.8,10.7,39.9
2017-05-24 14:10:00,1123.9,1258.0,1066.1,899.9,1049.3,1051.7,9.7,39.5
2017-05-24 15:10:00,1127.8,1249.8,1027.9,882.3,1058.4,1051.6,7.3,37.8
2017-05-24 16:10:00,1145.3,1242.0,1030.6,887.8,1034.5,1050.8,8.3,38.1
2017-05-24 17:10:00,1126.8,1185.0,951.0,849.0,999.3,1013.4,8.1,37.9
2017-05-24 18:10:00,1139.0,1146.4,944.8,860.4,972.3,1015.6,8.3,42.0
2017-05-24 19:10:00,1125.3,1122.7,961.8,845.0,974.4,1058.3,8.3,43.8
2017-05-24 20:10:00,1100.4,1086.2,937.8,811.0,923.6,1030.2,8.3,42.6
2017-05-24 21:10:00,1054.9,1046.5,926.3,809.3,910.7,1002.8,8.1,41.6
2017-05-24 22:10:00,1024.7,967.3,877.9,766.1,856.9,995.4,8.1,38.7
2017-05-24 23:10:00,1024.9,916.4,796.8,756.0,858.7,980.8,8.4,35.6
2017-05-25 00:10:00,942.8,848.4,746.8,705.5,814.3,926.1,8.6,32.5
2017-05-25 01:10:00,898.8,791.1,690.1,686.2,797.0,886.4,7.8,30.0
2017-05-25 02:10:00,812.0,771.7,666.6,642.8,814.8,857.8,8.0,29.0
2017-05-25 03:10:00,782.1,745.7,643.2,632.9,812.6,839.2,8.0,28.0
2017-05-25 04:10:00,755.6,733.9,643.4,637.0,815.4,823.4,8.1,28.3
2017-05-25 05:10:00,748.2,729.2,637.8,631.7,806.5,811.3,8.0,28.2
2017-05-25 06:10:00,768.8,770.9,659.5,635.7,823.8,824.1,7.9,29.4
2017-05-25 07:10:00,797.1,821.0,687.6,638.3,845.3,848.9,7.8,29.7
2017-05-25 08:10:00,855.4,953.6,900.5,723.3,865.7,920.1,7.7,32.5
2017-05-25 09:10:00,985.3,1050.7,941.9,779.1,906.7,976.3,7.7,35.5
2017-05-25 10:10:00,1015.3,1087.1,927.4,820.8,1008.0,1016.1,9.6,36.5
2017-05-25 11:10:00,1057.2,1122.5,950.4,849.0,1047.4,1056.3,9.6,36.8
2017-05-25 12:10:00,952.1,1069.4,915.5,780.7,1014.4,1005.4,9.3,35.9
2017-05-25 13:10:00,1045.7,1097.5,940.7,846.3,1023.4,1038.8,8.8,35.9
2017-05-25 14:10:00,1074.6,1100.6,948.4,874.0,1040.0,1060.7,8.8,36.5
2017-05-25 15:10:00,1070.3,1093.6,931.8,849.5,1024.7,1055.1,8.5,37.0
2017-05-25 16:10:00,1083.7,1101.2,937.6,861.5,1015.2,1044.2,8.5,38.2
2017-05-25 17:10:00,1076.3,1077.7,920.5,822.9,965.0,1031.1,8.5,38.7
2017-05-25 18:10:00,989.6,1075.1,946.5,792.2,991.4,1029.2,8.7,39.8
2017-05-25 19:10:00,1074.7,1071.9,891.7,801.5,991.7,1051.9,8.4,41.3
2017-05-25 20:10:00,1045.2,1022.6,864.6,788.4,952.2,1019.2,8.8,40.5
2017-05-25 21:10:00,1032.6,990.6,836.3,744.4,884.5,988.3,8.7,38.7
2017-05-25 22:10:00,967.0,924.9,828.6,715.8,828.8,956.8,9.3,36.2
2017-05-25 23:10:00,915.5,883.5,802.7,712.0,845.9,944.7,9.2,33.0
2017-05-26 00:10:00,824.5,803.3,761.3,692.1,820.2,889.3,9.0,30.3
2017-05-26 01:10:00,751.5,764.6,745.5,654.8,810.2,867.7,8.3,28.4
2017-05-26 02:10:00,740.2,732.7,686.2,647.9,805.7,832.0,8.0,27.5
2017-05-26 03:10:00,723.2,720.3,658.1,627.7,812.0,826.8,8.4,26.8
2017-05-26 04:10:00,680.0,713.7,665.0,614.4,805.3,804.1,8.6,26.7
2017-05-26 05:10:00,676.4,711.2,688.2,613.2,788.4,808.8,8.2,28.1
2017-05-26 06:10:00,695.3,735.8,675.4,617.7,811.8,810.1,8.4,27.2
2017-05-26 07:10:00,705.9,778.3,710.1,622.8,816.2,812.3,9.5,28.3
2017-05-26 08:10:00,812.1,881.4,821.4,679.6,826.6,876.0,7.8,30.9
2017-05-26 09:10:00,1010.6,1023.9,899.3,764.8,870.1,964.2,7.8,34.8
2017-05-26 10:10:00,1036.6,1063.5,888.2,795.4,961.6,1000.3,8.0,35.1
2017-05-26 11:10:00,1074.8,1089.8,945.8,814.7,959.9,1051.0,9.9,34.9
2017-05-26 12:10:00,985.1,1036.5,904.2,759.8,924.2,992.9,8.7,33.0
2017-05-26 13:10:00,1033.3,1063.1,950.6,806.7,932.2,1022.2,8.8,32.9
2017-05-26 14:10:00,1042.9,1087.6,968.8,823.5,977.4,1051.6,8.6,35.0
2017-05-26 15:10:00,1036.2,1070.2,959.3,821.5,950.8,1028.1,8.7,35.2
2017-05-26 16:10:00,1035.0,1066.8,967.5,837.2,933.3,1003.6,8.8,36.9
2017-05-26 17:10:00,1026.8,1035.2,934.7,815.7,904.7,986.9,8.5,36.9
2017-05-26 18:10:00,999.8,1029.0,930.7,783.1,898.4,986.8,8.6,38.7
2017-05-26 19:10:00,983.7,1016.8,942.3,784.2,909.9,1006.8,10.4,38.6
2017-05-26 20:10:00,947.3,990.8,929.3,763.3,888.2,982.0,10.1,38.7
2017-05-26 21:10:00,955.1,958.3,873.1,748.2,873.2,967.9,10.4,37.4
2017-05-26 22:10:00,883.3,890.0,858.3,716.9,838.8,946.8,8.7,35.4
2017-05-26 23:10:00,892.1,849.7,801.0,710.2,824.8,933.3,8.7,33.5
2017-05-27 00:10:00,797.0,801.4,784.7,675.4,802.0,885.4,8.6,30.2
2017-05-27 01:10:00,801.8,749.4,673.1,657.0,810.8,860.1,8.8,28.0
2017-05-27 02:10:00,734.3,722.0,678.4,642.0,803.1,833.6,8.7,26.9
2017-05-27 03:10:00,764.1,709.5,616.5,633.1,787.6,807.7,8.9,26.9
2017-05-27 04:10:00,762.8,689.1,584.8,613.5,771.7,799.2,8.8,26.3
2017-05-27 05:10:00,714.4,692.7,595.1,610.5,801.3,789.6,9.2,27.3
2017-05-27 06:10:00,712.2,696.4,584.8,601.2,794.1,775.5,8.9,26.9
2017-05-27 07:10:00,716.6,716.6,582.0,612.7,841.1,790.2,7.5,27.8
2017-05-27 08:10:00,808.8,775.9,660.8,647.0,829.2,853.0,7.8,30.7
2017-05-27 09:10:00,883.4,828.7,684.6,684.3,859.5,889.8,7.7,32.5
2017-05-27 10:10:00,851.8,904.7,781.6,652.4,860.7,910.6,8.0,34.6
2017-05-27 11:10:00,912.4,899.7,782.4,721.5,883.5,930.6,9.5,36.0
2017-05-27 12:10:00,866.6,891.2,780.1,675.5,896.1,950.4,9.4,35.2
2017-05-27 13:10:00,900.5,889.0,760.6,688.3,885.9,943.2,9.2,35.7
2017-05-27 14:10:00,884.1,871.8,775.9,708.1,880.9,935.1,9.6,35.5
2017-05-27 15:10:00,878.6,868.0,778.4,706.1,864.3,923.2,12.1,36.2
2017-05-27 16:10:00,880.8,876.8,796.3,710.0,855.9,920.2,11.9,37.8
2017-05-27 17:10:00,855.0,868.9,788.0,702.5,866.5,912.1,12.2,38.1
2017-05-27 18:10:00,861.4,869.5,846.5,715.2,829.1,924.9,12.2,39.7
2017-05-27 19:10:00,876.3,885.3,852.2,723.7,853.6,944.4,12.2,40.8
2017-05-27 20:10:00,877.2,880.1,864.6,727.4,833.8,938.7,12.2,41.5
2017-05-27 21:10:00,825.4,860.8,865.8,699.7,826.1,928.0,12.1,41.0
2017-05-27 22:10:00,745.9,812.0,885.5,699.5,819.1,912.2,12.3,39.1
2017-05-27 23:10:00,715.0,775.1,845.9,674.9,785.5,876.4,16.1,36.1
2017-05-28 00:10:00,728.5,737.5,776.1,651.5,760.6,858.5,15.7,33.3
2017-05-28 01:10:00,733.6,699.5,708.3,622.1,720.2,823.9,14.6,31.1
2017-05-28 02:10:00,735.0,674.1,627.4,607.0,730.2,796.4,14.5,29.5
2017-05-28 03:10:00,712.8,648.5,623.7,602.5,721.7,792.8,14.6,29.1
2017-05-28 04:10:00,681.1,641.0,618.2,586.2,712.2,770.3,14.4,28.4
2017-05-28 05:10:00,684.2,648.7,623.2,576.5,697.0,763.0,12.2,28.4
2017-05-28 06:10:00,684.6,658.5,615.8,568.7,712.0,767.5,12.1,29.7
2017-05-28 07:10:00,699.8,666.8,598.4,593.2,739.0,758.8,11.6,30.1
2017-05-28 08:10:00,693.1,704.7,694.5,589.2,720.4,792.2,9.3,31.2
2017-05-28 09:10:00,741.7,750.1,732.6,618.8,731.2,812.9,9.2,32.9
2017-05-28 10:10:00,745.6,788.2,742.6,611.4,771.5,836.4,9.7,33.5
2017-05-28 11:10:00,801.3,816.6,752.4,646.3,776.3,843.4,10.9,34.6
2017-05-28 12:10:00,813.3,824.9,749.9,644.0,795.8,867.4,11.1,33.8
2017-05-28 13:10:00,771.5,808.2,765.4,652.6,807.2,860.6,11.3,34.1
2017-05-28 14:10:00,763.9,801.5,765.2,646.3,785.3,844.1,10.9,33.5
2017-05-28 15:10:00,773.6,795.8,754.1,641.1,788.0,853.8,10.7,35.6
2017-05-28 16:10:00,766.2,806.6,769.5,642.0,776.3,837.9,10.6,36.2
2017-05-28 17:10:00,783.6,823.8,785.9,654.1,795.3,859.0,10.8,38.8
2017-05-28 18:10:00,800.6,840.5,804.6,660.6,781.0,856.6,10.6,39.2
2017-05-28 19:10:00,810.0,868.9,869.1,698.0,814.7,898.4,12.5,41.1
2017-05-28 20:10:00,782.7,860.9,870.4,684.1,821.6,900.6,12.5,41.6
2017-05-28 21:10:00,747.7,841.5,880.8,683.6,807.8,882.1,12.5,41.5
2017-05-28 22:10:00,756.7,803.6,847.3,672.3,779.5,880.0,12.5,40.0
2017-05-28 23:10:00,721.2,764.0,815.0,647.4,749.3,851.3,13.5,36.4
2017-05-29 00:10:00,726.6,720.9,737.8,645.0,745.1,821.5,11.1,33.2
2017-05-29 01:10:00,744.8,684.4,668.6,610.9,704.7,802.2,10.2,30.8
2017-05-29 02:10:00,688.3,662.1,644.1,593.5,720.2,778.9,10.3,28.5
2017-05-29 03:10:00,685.2,643.8,611.7,583.4,704.2,755.3,10.1,28.7
2017-05-29 04:10:00,684.0,632.5,566.6,563.2,723.0,759.9,10.1,28.1
2017-05-29 05:10:00,692.1,637.9,549.1,577.4,733.1,740.2,10.3,29.0
2017-05-29 06:10:00,686.7,629.7,545.1,584.6,735.2,735.9,11.0,27.8
2017-05-29 07:10:00,779.4,671.7,535.0,587.1,719.5,756.0,10.3,29.4
2017-05-29 08:10:00,795.8,726.5,589.7,606.7,747.0,778.6,11.7,32.4
2017-05-29 09:10:00,803.2,792.2,695.9,625.7,758.2,816.7,11.1,33.9
2017-05-29 10:10:00,848.3,818.1,729.0,672.6,798.4,861.8,11.4,34.6
2017-05-29 11:10:00,865.0,862.7,769.6,692.1,827.1,882.4,11.5,36.1
2017-05-29 12:10:00,854.9,869.7,755.9,683.2,854.3,888.5,11.4,35.0
2017-05-29 13:10:00,851.5,872.5,795.6,693.9,860.7,917.9,11.5,34.9
2017-05-29 14:10:00,864.0,871.4,770.4,698.9,858.6,899.0,11.5,35.3
2017-05-29 15:10:00,913.9,881.0,760.2,710.9,827.2,885.3,11.7,35.7
2017-05-29 16:10:00,909.7,875.7,757.3,702.7,821.1,884.1,11.5,37.0
2017-05-29 17:10:00,906.0,884.0,743.9,681.6,818.0,875.9,11.5,37.8
2017-05-29 18:10:00,892.1,882.6,766.3,690.9,822.1,878.7,11.7,40.0
2017-05-29 19:10:00,913.7,922.3,836.6,722.5,835.8,912.4,12.5,41.4
2017-05-29 20:10:00,913.2,903.8,785.0,720.4,869.0,913.8,12.4,41.6
2017-05-29 21:10:00,862.9,895.3,793.8,694.0,876.0,914.9,12.5,41.0
2017-05-29 22:10:00,774.3,847.9,798.3,693.0,878.9,884.6,12.5,38.5
2017-05-29 23:10:00,755.1,806.8,811.1,691.7,843.2,888.3,12.4,35.0
2017-05-30 00:10:00,794.3,771.0,724.6,670.8,810.9,867.9,12.5,32.5
2017-05-30 01:10:00,791.8,724.9,614.7,635.2,807.5,832.9,9.5,30.5
2017-05-30 02:10:00,780.3,697.7,608.8,628.8,759.6,801.9,9.6,29.7
2017-05-30 03:10:00,746.5,671.0,595.8,593.6,713.7,772.5,9.6,28.4
2017-05-30 04:10:00,708.6,657.1,595.5,600.4,738.8,766.7,9.9,28.6
2017-05-30 05:10:00,715.1,669.4,583.2,594.2,742.9,757.9,9.7,29.4
2017-05-30 06:10:00,759.5,675.2,562.9,605.6,728.2,750.0,9.6,29.3
2017-05-30 07:10:00,778.3,699.7,574.1,610.2,741.3,761.6,9.7,31.9
2017-05-30 08:10:00,766.5,732.2,629.0,618.2,762.7,783.8,9.3,33.2
2017-05-30 09:10:00,776.8,802.7,742.7,658.7,793.4,824.8,9.1,35.7
2017-05-30 10:10:00,783.9,856.7,785.9,661.8,814.5,839.3,9.7,36.2
2017-05-30 11:10:00,799.5,886.1,841.2,689.3,808.6,846.5,9.8,37.3
2017-05-30 12:10:00,784.4,899.5,837.5,644.8,784.8,835.7,10.1,36.7
2017-05-30 13:10:00,784.8,896.5,873.2,675.8,796.0,854.6,10.4,37.4
2017-05-30 14:10:00,761.7,890.6,877.3,664.5,789.4,849.6,12.5,36.2
2017-05-30 15:10:00,729.4,878.3,879.2,665.5,809.0,849.6,12.5,36.8
2017-05-30 16:10:00,734.5,877.8,885.6,669.2,788.8,838.3,12.7,36.2
2017-05-30 17:10:00,763.0,908.0,914.5,680.8,798.9,862.8,12.8,37.5
2017-05-30 18:10:00,827.2,930.2,914.9,705.0,799.5,880.7,12.6,38.3
2017-05-30 19:10:00,843.9,950.0,928.9,715.9,820.5,899.4,12.8,40.8
2017-05-30 20:10:00,838.2,957.8,976.5,735.2,815.5,908.5,12.8,41.6
2017-05-30 21:10:00,834.3,941.8,924.7,706.2,815.4,898.8,12.7,40.4
2017-05-30 21:30:00,828.4,930.8,947.0,719.9,813.8,910.4,12.7,40.8
2017-05-30 22:10:00,784.2,880.3,900.2,691.5,803.0,890.7,12.7,37.6
2017-05-30 23:10:00,784.3,830.4,832.4,685.6,788.2,867.3,12.7,34.4
2017-05-31 00:10:00,737.1,772.3,775.2,637.7,731.9,815.1,12.8,32.0
2017-05-31 01:10:00,722.4,735.7,684.1,620.8,740.0,773.5,12.8,29.2
2017-05-31 02:10:00,732.6,704.9,640.1,601.4,735.1,784.4,11.7,28.8
2017-05-31 03:10:00,728.5,684.3,595.5,585.1,725.9,763.8,11.7,28.4
2017-05-31 04:10:00,718.6,687.3,573.1,585.7,756.5,759.2,12.0,27.9
2017-05-31 05:10:00,720.1,681.1,559.6,582.0,766.4,765.8,11.5,28.7
2017-05-31 06:10:00,759.9,704.7,540.0,590.5,766.0,753.0,11.7,29.4
2017-05-31 07:10:00,774.8,782.9,612.8,610.2,802.7,778.2,11.9,31.0
2017-05-31 08:10:00,871.0,957.1,772.6,710.5,935.1,887.8,12.0,35.2
2017-05-31 09:10:00,925.4,1087.1,921.9,777.5,1008.9,965.5,11.2,37.4
2017-05-31 10:10:00,1000.6,1137.9,925.7,832.4,1062.8,989.4,10.0,39.5
2017-05-31 11:10:00,1085.6,1201.3,950.2,856.0,1102.7,1047.5,8.7,42.3
2017-05-31 12:10:00,1066.4,1164.7,874.1,799.2,1068.6,1013.7,8.9,40.4
2017-05-31 13:10:00,1103.1,1213.3,963.0,862.1,1093.1,1054.2,11.9,41.4
2017-05-31 14:10:00,1138.4,1250.4,976.7,879.9,1114.3,1070.2,12.6,41.4
2017-05-31 15:10:00,1137.0,1238.7,977.7,880.0,1085.1,1051.4,12.6,42.2
2017-05-31 16:10:00,1148.5,1242.2,975.5,883.9,1077.1,1043.3,11.0,42.7
2017-05-31 17:10:00,1091.1,1189.8,921.1,838.6,1044.1,994.1,9.2,42.9
2017-05-31 18:10:00,1067.7,1164.2,916.6,816.9,1026.2,994.2,9.4,44.5
2017-05-31 19:10:00,1059.6,1163.4,938.5,823.5,1051.5,1026.3,9.5,46.0
2017-05-31 20:10:00,1007.4,1120.3,916.4,804.2,1040.3,1006.0,11.0,44.7
2017-05-31 21:10:00,1022.9,1085.4,909.7,777.7,964.1,1000.4,11.0,44.2
2017-05-31 22:10:00,979.6,1015.0,889.7,768.7,913.9,968.1,10.8,42.2
2017-05-31 23:10:00,956.1,971.2,841.6,741.1,897.0,954.2,10.6,39.0
2017-06-01 00:10:00,954.3,908.3,742.5,684.6,844.2,923.0,10.7,35.8
2017-06-01 01:10:00,826.1,852.2,731.4,670.8,866.3,877.7,10.9,34.0
2017-06-01 02:10:00,861.3,799.3,625.1,647.9,831.8,848.9,10.6,32.8
2017-06-01 03:10:00,836.2,782.3,626.2,634.4,809.4,834.4,10.8,31.7
2017-06-01 04:10:00,824.5,771.3,630.6,627.4,769.9,805.9,10.6,30.9
2017-06-01 05:10:00,807.2,753.1,631.8,629.7,771.1,807.4,10.8,30.8
2017-06-01 06:10:00,832.0,778.7,626.8,629.3,782.4,812.1,10.7,31.6
2017-06-01 07:10:00,902.2,850.1,634.8,657.4,825.9,832.5,10.5,33.4
2017-06-01 08:10:00,968.1,1026.8,838.0,756.1,935.9,932.4,10.3,37.0
2017-06-01 09:10:00,1028.5,1155.7,928.1,806.6,1059.2,1022.8,10.3,40.9
2017-06-01 10:10:00,1063.3,1206.3,934.2,802.8,1076.7,1033.4,10.3,42.0
2017-06-01 11:10:00,1099.6,1253.6,942.3,810.5,1096.2,1041.7,10.6,42.9
2017-06-01 12:10:00,1041.0,1208.6,902.7,742.2,1036.6,997.6,10.6,42.6
2017-06-01 13:10:00,1070.5,1244.2,947.8,798.7,1066.2,1011.0,12.2,42.8
2017-06-01 14:10:00,1091.1,1256.9,953.8,815.3,1082.3,1024.3,12.3,43.0
2017-06-01 15:10:00,1089.6,1252.6,954.0,819.2,1071.6,1012.7,12.3,43.0
2017-06-01 16:10:00,1090.3,1252.7,974.3,824.6,1068.6,1025.7,12.3,42.6
2017-06-01 17:10:00,1075.5,1222.1,945.6,800.5,1057.7,1026.1,12.2,42.4
2017-06-01 18:10:00,1081.1,1203.0,961.4,824.7,1043.7,1028.0,12.2,42.7
2017-06-01 19:10:00,1079.1,1222.1,1020.0,835.5,1048.9,1054.3,10.3,46.4
2017-06-01 20:10:00,1078.2,1167.9,941.6,814.0,1037.8,1041.4,11.8,46.1
2017-06-01 21:10:00,1013.5,1144.8,907.2,769.2,1039.5,1018.6,16.4,43.9
2017-06-01 22:10:00,1002.5,1087.9,906.8,748.4,943.1,991.9,17.0,41.2
2017-06-01 23:10:00,972.3,1034.5,874.3,724.7,904.4,970.1,17.1,38.8
2017-06-02 00:10:00,930.3,968.2,787.4,686.5,882.1,927.3,17.2,35.1
2017-06-02 01:10:00,921.6,902.9,677.7,670.4,874.2,884.7,17.2,32.7
2017-06-02 02:10:00,906.1,851.6,630.6,649.8,838.4,859.7,17.1,31.1
2017-06-02 03:10:00,836.4,823.8,636.9,632.8,846.8,850.3,17.2,30.3
2017-06-02 04:10:00,816.3,807.6,629.0,630.2,843.0,837.6,17.1,30.0
2017-06-02 05:10:00,792.3,795.6,620.5,630.4,842.6,815.8,17.2,30.8
2017-06-02 06:10:00,810.2,814.5,605.5,624.2,863.4,828.3,17.0,29.0
2017-06-02 07:10:00,845.6,877.7,629.7,643.4,918.9,858.7,17.0,31.4
2017-06-02 08:10:00,903.7,1033.9,864.8,761.8,999.4,954.4,16.9,34.7
2017-06-02 09:10:00,1042.8,1165.8,921.4,813.8,1052.8,1014.9,17.0,39.5
2017-06-02 10:10:00,1082.3,1223.4,919.0,800.0,1058.1,1013.7,16.9,39.2
2017-06-02 11:10:00,1068.7,1237.9,971.6,826.0,1096.1,1050.4,17.5,39.6
2017-06-02 12:10:00,1044.8,1159.9,818.6,755.9,1088.2,1014.8,16.8,37.9
2017-06-02 13:10:00,1043.0,1174.5,929.1,813.0,1076.1,1039.5,16.8,38.0
2017-06-02 14:10:00,1058.1,1191.5,942.0,830.9,1101.2,1055.3,16.9,40.4
2017-06-02 15:10:00,1045.0,1182.5,938.3,830.8,1087.2,1035.1,16.7,38.8
2017-06-02 16:10:00,1051.4,1178.7,968.9,841.8,1083.1,1059.4,16.8,40.3
2017-06-02 17:10:00,1042.8,1162.4,943.2,818.4,1069.8,1051.8,16.8,39.9
2017-06-02 18:10:00,1036.1,1137.3,943.6,817.3,1046.7,1045.2,16.6,43.2
2017-06-02 19:10:00,1029.1,1122.9,967.5,833.6,1043.3,1054.6,16.3,45.1
2017-06-02 20:10:00,1008.0,1085.2,900.3,787.5,1038.8,1044.6,16.0,45.7
2017-06-02 21:10:00,926.5,1056.1,884.4,736.7,1037.2,1028.1,15.8,42.9
2017-06-02 22:10:00,866.5,983.1,877.5,704.5,965.3,997.2,15.5,40.1
2017-06-02 23:10:00,867.6,936.2,839.9,690.2,902.9,959.6,14.8,39.2
2017-06-03 00:10:00,832.4,879.5,782.5,662.9,882.4,933.0,14.1,35.8
2017-06-03 01:10:00,817.1,824.0,693.1,636.4,869.9,899.4,13.8,34.2
2017-06-03 02:10:00,828.2,791.7,646.7,620.4,824.4,869.2,14.0,32.0
2017-06-03 03:10:00,795.9,762.3,617.7,607.3,828.2,855.2,14.1,31.0
2017-06-03 04:10:00,771.0,753.2,608.2,600.5,813.8,822.7,13.8,30.3
2017-06-03 05:10:00,750.5,749.5,612.2,605.6,825.2,815.1,14.0,31.7
2017-06-03 06:10:00,766.0,773.0,617.4,615.9,848.4,824.7,13.9,32.3
2017-06-03 07:10:00,759.7,820.3,673.6,627.1,879.8,844.2,13.8,35.3
2017-06-03 08:10:00,834.6,901.5,724.0,672.8,928.8,893.0,13.5,33.7
2017-06-03 09:10:00,910.8,1052.9,905.5,739.4,998.3,998.1,13.8,38.0
2017-06-03 10:10:00,925.1,1094.3,931.4,753.5,1037.1,1018.8,13.9,40.7
2017-06-03 11:10:00,987.4,1135.9,933.5,776.1,1053.1,1036.8,13.8,39.0
2017-06-03 12:10:00,910.1,1092.8,866.9,719.6,1055.2,995.9,13.9,37.8
2017-06-03 13:10:00,940.8,1105.6,913.1,770.4,1067.9,1022.1,13.9,37.7
2017-06-03 14:10:00,990.7,1114.0,918.1,778.5,1044.5,1036.1,13.9,38.6
2017-06-03 15:10:00,983.8,1108.6,913.2,780.9,1026.3,1007.5,13.9,40.2
2017-06-03 16:10:00,988.9,1103.3,909.7,776.2,1024.6,1018.2,13.9,39.4
2017-06-03 18:10:00,933.2,1066.2,901.9,740.5,999.3,1001.4,13.9,40.2
2017-06-03 19:10:00,925.4,1054.2,901.0,741.2,1001.8,1005.4,13.9,41.2
2017-06-03 20:10:00,942.6,1030.5,882.8,735.9,976.5,1007.5,13.9,41.9
2017-06-03 21:10:00,933.2,1006.8,888.5,720.7,919.0,985.7,13.9,41.6
2017-06-03 22:10:00,869.5,945.1,867.9,689.6,885.9,963.5,13.7,38.9
2017-06-03 23:10:00,894.6,892.7,828.4,678.9,809.9,938.1,13.9,37.1
2017-06-04 00:10:00,781.4,844.0,831.1,643.8,780.4,885.3,14.0,33.9
2017-06-04 01:10:00,733.6,795.9,785.6,617.0,757.8,846.1,13.9,31.8
2017-06-04 02:10:00,697.7,766.8,784.6,604.4,724.3,818.6,13.9,30.7
2017-06-04 03:10:00,659.8,741.3,779.9,599.7,705.3,788.3,13.8,29.4
2017-06-04 04:10:00,611.1,722.5,780.0,594.7,725.8,784.7,13.8,28.8
2017-06-04 05:10:00,600.6,710.7,783.3,583.0,699.2,774.3,13.9,29.0
2017-06-04 06:10:00,593.4,709.2,767.8,584.3,693.2,746.2,13.8,28.4
2017-06-04 07:10:00,635.1,735.8,772.2,577.1,677.3,755.1,13.7,30.3
2017-06-04 08:10:00,675.8,762.3,793.6,598.8,675.1,764.7,13.8,32.4
2017-06-04 09:10:00,747.8,815.2,795.5,623.1,721.7,806.8,13.9,33.7
2017-06-04 10:00:00,787.1,877.3,820.4,645.8,762.7,825.1,13.9,35.9
2017-06-04 11:10:00,749.6,907.0,861.9,661.1,835.9,856.8,13.8,36.3
2017-06-04 12:10:00,750.7,914.6,862.5,655.9,833.6,853.1,13.9,37.0
2017-06-04 13:10:00,716.9,913.2,858.5,642.2,827.8,825.8,13.9,35.9
2017-06-04 14:10:00,731.0,914.9,859.8,641.3,829.8,842.0,13.9,36.2
2017-06-04 15:10:00,740.5,906.5,852.0,634.9,819.2,847.2,13.9,36.9
2017-06-04 16:10:00,682.4,912.2,908.8,649.4,856.4,863.2,13.9,36.7
2017-06-04 17:10:00,763.8,928.0,905.3,663.7,821.9,875.0,13.8,38.1
2017-06-04 18:10:00,781.0,958.4,937.3,674.0,832.5,892.6,13.9,39.7
2017-06-04 19:10:00,777.6,972.5,985.4,702.9,847.2,906.7,13.8,41.9
2017-06-04 20:10:00,787.2,987.1,983.5,691.6,840.2,903.2,14.0,43.0
2017-06-04 21:10:00,788.4,960.0,941.3,695.2,871.2,917.9,13.9,41.6
2017-06-04 22:10:00,765.6,898.8,920.4,674.8,796.2,883.8,13.8,38.7
2017-06-04 23:10:00,712.6,845.5,847.7,638.9,784.7,839.3,13.8,35.0
2017-06-05 00:10:00,740.6,789.7,735.6,605.9,760.1,821.7,14.0,33.0
2017-06-05 01:10:00,729.2,758.3,680.1,591.4,748.0,790.6,14.0,31.0
2017-06-05 02:10:00,682.3,716.6,680.2,577.1,721.0,772.5,13.5,30.8
2017-06-05 03:10:00,672.1,692.4,650.1,574.5,721.4,761.0,13.9,29.7
2017-06-05 04:10:00,675.9,694.3,628.3,566.8,712.3,739.9,14.0,29.6
2017-06-05 05:10:00,675.1,697.0,618.7,564.6,726.4,742.7,13.9,29.9
2017-06-05 06:10:00,672.1,711.4,617.6,565.6,747.0,743.3,13.8,30.2
2017-06-05 07:10:00,715.8,790.9,622.0,598.7,859.2,789.7,13.7,31.4
2017-06-05 08:10:00,813.9,930.5,786.2,684.2,904.6,869.6,13.4,33.7
2017-06-05 09:10:00,968.0,1106.7,930.0,791.5,1003.8,978.8,13.8,38.6
2017-06-05 10:10:00,1011.1,1162.6,934.7,802.9,1050.9,1004.5,13.9,40.6
2017-06-05 11:10:00,1020.3,1201.3,968.0,817.7,1103.8,1045.0,13.9,42.0
2017-06-05 12:10:00,998.5,1168.0,915.6,761.7,1040.9,998.6,14.0,40.8
2017-06-05 13:10:00,1032.2,1197.4,951.7,820.4,1102.6,1041.7,13.9,40.9
2017-06-05 14:10:00,1071.4,1221.8,953.0,838.9,1108.3,1044.3,13.9,41.7
2017-06-05 15:10:00,1075.8,1218.3,961.0,847.0,1102.4,1046.1,13.9,41.7
2017-06-05 16:10:00,1087.6,1212.7,967.8,857.1,1093.5,1050.7,13.9,42.3
2017-06-05 17:10:00,1092.6,1173.9,924.2,825.9,1027.3,1016.8,13.9,41.4
2017-06-05 18:10:00,1082.9,1163.0,934.1,873.7,1025.6,977.4,14.0,42.5
2017-06-05 19:10:00,1087.5,1165.6,967.3,900.7,1050.2,1007.2,14.0,45.5
2017-06-05 20:10:00,1075.1,1130.9,939.0,870.0,1021.3,1003.3,13.9,45.1
2017-06-05 21:10:00,1046.8,1099.3,938.7,840.0,972.1,988.0,14.0,44.3
2017-06-05 22:10:00,974.9,1041.8,931.7,815.6,939.5,960.0,14.0,42.7
2017-06-05 23:10:00,939.4,996.6,893.1,791.7,929.3,947.3,13.9,40.0
2017-06-06 00:10:00,908.6,917.8,819.8,768.8,885.4,904.0,14.0,37.1
2017-06-06 01:10:00,791.4,866.8,772.2,721.7,912.2,866.8,14.0,34.5
2017-06-06 02:10:00,807.1,821.0,736.7,696.0,823.2,831.6,13.9,32.2
2017-06-06 03:10:00,820.6,804.3,699.6,696.8,801.2,801.8,14.0,32.4
2017-06-06 04:10:00,800.7,774.8,708.9,693.3,773.9,797.8,14.0,31.7
2017-06-06 05:10:00,788.5,767.1,699.5,686.9,772.1,789.0,14.0,31.0
2017-06-06 06:10:00,768.1,782.7,700.4,675.2,772.4,766.4,13.9,30.5
2017-06-06 07:10:00,782.8,835.9,697.3,713.0,877.3,790.9,13.8,31.4
2017-06-06 08:10:00,863.4,1041.4,897.8,829.0,1026.4,895.7,13.6,35.3
2017-06-06 09:10:00,999.0,1175.9,983.7,888.1,1095.9,989.1,13.8,39.3
2017-06-06 10:10:00,1068.8,1221.9,955.3,889.3,1106.2,990.7,13.9,42.2
2017-06-06 11:10:00,1103.0,1270.7,1003.9,906.9,1114.8,1016.5,13.9,41.4
2017-06-06 12:10:00,1079.7,1240.0,929.0,842.0,1074.3,974.7,13.9,40.3
2017-06-06 13:10:00,1094.5,1270.2,1005.3,894.7,1111.9,1020.1,13.9,40.7
2017-06-06 14:10:00,1121.4,1288.6,1030.6,923.2,1119.9,1032.7,14.1,41.5
2017-06-06 15:10:00,1114.3,1277.2,1021.1,922.8,1112.3,1020.5,14.0,41.1
2017-06-06 16:10:00,1123.6,1268.4,1022.4,925.0,1098.7,1023.1,13.9,42.0
2017-06-06 17:10:00,1107.4,1233.3,983.6,896.4,1068.3,1000.4,14.1,43.3
2017-06-06 18:10:00,1096.3,1213.2,990.1,892.5,1051.4,1001.4,14.0,44.8
2017-06-06 19:10:00,1106.6,1234.9,1034.4,907.8,1058.5,1024.3,14.1,46.7
2017-06-06 20:10:00,1088.6,1195.3,987.5,880.4,1051.6,1018.5,14.0,47.4
2017-06-06 21:10:00,1049.6,1153.7,943.5,849.9,1046.5,1003.1,14.0,46.8
2017-06-06 22:10:00,1010.5,1090.7,961.3,814.5,951.3,987.3,14.0,44.6
2017-06-06 23:10:00,999.0,1043.5,944.0,807.6,922.2,986.8,14.0,41.3
2017-06-07 00:10:00,917.7,966.3,872.5,742.2,886.3,943.5,14.0,38.5
2017-06-07 01:10:00,887.9,900.3,843.6,734.0,831.2,906.6,14.0,35.8
2017-06-07 02:10:00,869.0,868.6,760.5,717.6,846.3,868.9,14.0,34.7
2017-06-07 03:10:00,821.8,834.0,715.2,710.7,864.7,837.8,14.0,33.3
2017-06-07 04:10:00,792.0,812.9,706.9,708.0,870.4,830.4,13.9,31.9
2017-06-07 05:10:00,729.6,793.6,734.6,692.4,855.3,816.2,14.1,31.4
2017-06-07 06:10:00,730.7,823.3,753.3,700.0,872.2,814.7,14.1,32.3
2017-06-07 07:10:00,798.6,892.7,745.6,727.0,940.3,844.9,14.1,33.9
2017-06-07 08:10:00,924.5,1078.7,899.5,836.9,1069.8,953.7,14.0,38.4
2017-06-07 09:10:00,1060.9,1206.7,980.7,903.3,1137.3,1040.5,13.9,42.3
2017-06-07 10:10:00,1105.6,1257.7,968.5,901.7,1150.0,1034.7,13.9,44.0
2017-06-07 11:10:00,1109.7,1315.6,1052.9,924.6,1159.8,1051.9,13.9,44.2
2017-06-07 12:10:00,1111.2,1278.1,909.8,868.8,1168.1,1013.0,13.8,43.0
2017-06-07 13:10:00,1100.0,1318.2,1069.2,928.9,1165.9,1057.8,13.8,44.1
2017-06-07 14:10:00,1105.8,1334.5,1097.2,947.0,1168.3,1059.5,13.8,44.2
2017-06-07 15:10:00,1102.4,1317.4,1066.4,932.8,1156.4,1046.3,13.8,42.3
2017-06-07 16:10:00,1108.6,1310.8,1078.4,933.9,1140.4,1052.0,14.3,45.1
2017-06-07 17:10:00,1105.3,1261.4,1004.0,900.1,1118.4,1035.6,14.0,44.5
2017-06-07 18:10:00,1114.0,1249.6,975.7,900.6,1115.1,1022.5,14.2,46.3
2017-06-07 19:10:00,1113.7,1258.3,1055.2,919.8,1115.3,1071.7,14.1,48.3
2017-06-07 20:10:00,1112.4,1228.4,986.8,897.7,1113.9,1052.6,13.9,48.2
2017-06-07 21:10:00,1064.2,1182.4,955.9,863.1,1104.9,1046.8,13.9,46.6
2017-06-07 22:10:00,1006.3,1115.3,961.6,847.2,1043.3,1018.5,14.2,44.4
2017-06-07 23:10:00,1002.2,1074.4,951.9,829.0,1004.1,1027.3,14.2,41.6
2017-06-08 00:10:00,895.9,990.2,896.9,789.0,982.7,972.8,14.5,38.0
2017-06-08 01:10:00,877.2,944.5,771.3,746.5,984.8,920.6,14.0,35.9
2017-06-08 02:10:00,790.2,886.0,738.6,711.8,981.3,891.8,13.9,34.5
2017-06-08 03:10:00,798.6,843.2,693.1,698.5,931.9,862.6,13.8,33.0
2017-06-08 04:10:00,748.5,840.0,693.3,682.8,950.9,850.6,13.9,33.1
2017-06-08 05:10:00,729.3,825.2,702.4,669.2,912.2,832.2,14.0,31.4
2017-06-08 06:10:00,719.4,840.0,699.3,659.0,933.4,833.9,13.9,33.0
2017-06-08 07:10:00,758.6,901.6,728.7,685.6,967.1,847.4,13.8,33.6
2017-06-08 08:10:00,886.2,1084.6,911.4,806.9,1092.8,975.0,13.6,37.5
2017-06-08 09:10:00,1059.6,1239.5,930.7,850.9,1186.8,1054.2,10.0,42.5
2017-06-08 10:10:00,1079.9,1271.1,975.1,858.8,1177.9,1066.9,9.1,45.0
2017-06-08 11:10:00,1101.2,1332.1,1047.8,881.1,1197.6,1101.5,13.8,45.7
2017-06-08 12:10:00,1098.8,1291.0,910.6,821.3,1192.1,1055.3,11.4,45.2
2017-06-08 13:10:00,1110.8,1322.3,1002.3,876.0,1212.0,1093.8,12.1,45.0
2017-06-08 14:10:00,1103.5,1331.0,1045.8,891.2,1192.9,1093.5,16.9,43.3
2017-06-08 15:10:00,1108.9,1319.1,1019.6,886.9,1188.6,1084.9,16.9,43.2
2017-06-08 16:10:00,1110.0,1307.5,1003.5,885.3,1169.9,1064.8,16.9,42.6
2017-06-08 17:10:00,1089.7,1275.4,977.1,861.1,1131.4,1035.9,16.9,42.6
2017-06-08 18:10:00,1083.6,1257.5,1005.3,867.9,1116.0,1050.7,16.7,45.6
2017-06-08 19:10:00,1117.0,1272.1,1013.6,888.5,1126.0,1065.8,16.9,47.2
2017-06-08 20:10:00,1113.4,1231.3,968.1,877.1,1115.5,1057.8,16.8,47.6
2017-06-08 21:10:00,1036.0,1188.0,968.2,840.5,1091.2,1038.9,16.6,44.6
2017-06-08 22:10:00,979.6,1125.0,971.6,820.5,1033.9,1013.5,16.9,42.9
2017-06-08 23:10:00,965.9,1089.5,988.3,809.2,976.4,1005.7,15.1,41.3
2017-06-09 00:10:00,889.4,999.3,927.7,766.4,929.4,957.4,15.1,38.6
2017-06-09 01:10:00,891.4,942.2,821.2,738.8,900.3,910.4,14.9,36.4
2017-06-09 02:10:00,792.4,901.2,795.8,712.9,921.0,875.4,15.1,34.8
2017-06-09 03:10:00,797.7,864.7,723.4,703.4,917.0,850.5,15.0,34.5
2017-06-09 04:10:00,790.0,836.0,708.1,678.4,874.4,840.0,15.0,33.3
2017-06-09 05:10:00,780.4,817.4,707.4,679.9,856.0,826.4,11.1,31.1
2017-06-09 06:10:00,774.3,830.5,710.6,670.3,855.5,818.8,10.9,31.7
2017-06-09 07:10:00,792.3,900.2,745.0,693.2,940.3,862.2,11.0,33.1
2017-06-09 08:10:00,883.5,1080.7,916.9,790.3,1075.9,980.1,10.8,36.1
2017-06-09 09:10:00,1024.9,1221.2,992.3,875.4,1162.2,1053.4,12.0,41.3
2017-06-09 10:10:00,1055.2,1272.2,1002.2,872.7,1172.7,1055.0,12.0,42.1
2017-06-09 11:10:00,1096.8,1321.9,1052.8,888.3,1170.7,1084.6,16.9,42.6
2017-06-09 12:10:00,1082.5,1281.6,940.4,832.6,1171.1,1051.2,15.4,44.1
2017-06-09 13:10:00,1104.0,1324.2,1036.8,888.2,1175.1,1078.0,17.0,42.5
2017-06-09 14:10:00,1112.5,1334.9,1068.7,904.2,1178.7,1093.9,17.0,43.9
2017-06-09 15:10:00,1100.9,1322.4,1057.8,900.0,1157.9,1067.9,17.0,43.3
2017-06-09 16:10:00,1105.2,1309.2,1041.4,900.7,1149.7,1061.7,17.0,41.8
2017-06-09 17:10:00,1071.1,1269.5,991.9,869.6,1119.6,1019.6,17.0,41.0
2017-06-09 18:10:00,1074.3,1255.8,1003.4,859.3,1097.4,1028.4,12.6,44.1
2017-06-09 19:10:00,1084.4,1252.9,1033.7,871.7,1091.7,1051.3,12.4,46.3
2017-06-09 20:10:00,1087.6,1224.7,1005.6,864.8,1086.7,1057.0,12.5,45.9
2017-06-09 21:10:00,1068.3,1181.1,987.1,839.3,1040.5,1043.4,12.5,44.6
2017-06-09 22:10:00,1001.4,1118.3,982.2,805.5,993.1,1023.5,14.2,43.5
2017-06-09 23:10:00,994.4,1082.4,977.6,808.4,975.6,1030.2,14.5,41.1
2017-06-10 00:10:00,895.7,1008.8,935.4,783.8,965.3,983.8,17.2,37.2
2017-06-10 01:10:00,894.5,960.7,844.8,767.9,943.4,932.1,13.6,35.5
2017-06-10 02:10:00,846.7,899.9,811.9,728.5,880.5,891.2,14.1,33.5
2017-06-10 03:10:00,834.5,853.4,739.2,710.9,880.8,872.7,14.6,32.1
2017-06-10 04:10:00,832.3,837.0,691.2,685.0,862.6,846.3,14.1,31.9
2017-06-10 05:10:00,794.2,817.2,667.0,672.4,870.2,824.3,14.2,31.6
2017-06-10 06:10:00,800.4,804.4,633.1,678.1,879.9,814.4,14.5,31.0
2017-06-10 07:10:00,841.8,837.7,638.5,695.1,900.6,829.1,14.0,33.0
2017-06-10 08:10:00,823.1,917.6,767.3,728.0,962.8,885.6,13.7,35.7
2017-06-10 09:10:00,854.3,985.5,866.4,766.4,990.4,933.6,12.7,38.3
2017-06-10 10:10:00,886.4,1052.6,880.5,779.1,1045.7,955.8,14.3,39.4
2017-06-10 11:10:00,964.0,1105.8,907.8,818.0,1080.3,1003.3,17.1,42.1
2017-06-10 12:10:00,961.9,1116.8,898.7,802.7,1089.2,1000.5,13.5,43.4
2017-06-10 13:10:00,1030.6,1159.4,922.0,837.0,1102.3,1030.1,16.5,44.9
2017-06-10 14:10:00,1049.9,1150.7,907.5,846.9,1091.3,1023.3,16.9,44.7
2017-06-10 15:10:00,1022.2,1130.6,902.1,826.6,1066.7,1004.5,14.3,43.5
2017-06-10 16:10:00,976.8,1098.5,922.4,826.9,1047.0,991.0,13.7,43.6
2017-06-10 17:10:00,964.8,1091.0,909.8,798.4,1006.2,961.0,13.4,43.8
2017-06-10 18:10:00,957.4,1084.8,903.3,778.7,988.2,954.2,13.3,44.6
2017-06-10 19:10:00,1001.7,1111.2,933.3,795.2,1014.9,1011.0,13.7,46.2
2017-06-10 20:10:00,1022.3,1128.8,938.6,811.9,1019.1,1005.9,13.8,47.2
2017-06-10 21:10:00,1049.8,1117.4,938.1,806.8,972.3,1003.2,13.3,46.1
2017-06-10 22:10:00,1002.6,1055.7,914.9,786.5,949.7,994.7,13.6,43.9
2017-06-10 23:10:00,1008.5,1037.9,873.7,787.7,947.3,975.3,13.6,42.3
2017-06-11 00:10:00,923.0,975.3,862.3,747.9,922.2,957.3,12.4,39.4
2017-06-11 01:10:00,903.0,920.0,762.7,723.1,920.3,917.4,12.3,37.8
2017-06-11 02:10:00,842.9,868.8,767.9,699.6,859.0,877.5,12.4,36.3
2017-06-11 03:10:00,851.1,824.2,711.4,666.8,814.3,862.8,12.3,35.3
2017-06-11 04:10:00,835.8,801.2,690.4,667.4,794.1,830.2,12.4,34.0
2017-06-11 05:10:00,831.2,780.8,684.1,661.3,745.4,797.7,12.5,33.3
2017-06-11 06:10:00,796.2,766.5,688.0,660.4,753.0,789.9,12.5,32.8
2017-06-11 07:10:00,816.9,797.8,684.6,655.6,779.9,805.3,12.5,35.1
2017-06-11 08:10:00,833.3,843.9,744.7,664.0,800.5,846.5,12.3,36.5
2017-06-11 09:10:00,846.5,910.4,819.0,684.7,826.1,870.1,12.5,38.8
2017-06-11 10:10:00,838.6,961.6,902.1,711.1,859.3,899.9,12.3,39.7
2017-06-11 11:10:00,902.1,1024.1,918.6,712.3,893.8,948.7,12.3,41.8
2017-06-11 12:10:00,933.9,1057.0,934.7,730.3,895.6,946.7,12.8,43.1
2017-06-11 13:10:00,1008.8,1082.3,914.5,746.9,908.2,971.9,12.9,43.3
2017-06-11 14:10:00,971.0,1064.0,885.5,751.1,947.7,959.0,14.4,44.5
2017-06-11 15:10:00,919.7,1024.6,879.2,723.9,937.2,959.3,14.9,43.1
2017-06-11 16:10:00,899.6,1006.9,896.0,730.3,922.1,951.4,14.9,44.0
2017-06-11 17:10:00,896.3,1007.1,883.6,702.3,916.4,957.8,14.8,43.9
2017-06-11 18:10:00,940.6,1023.7,880.6,720.4,911.8,958.8,14.7,44.9
2017-06-11 19:10:00,981.8,1057.7,892.5,741.6,951.6,993.4,14.9,48.1
2017-06-11 20:10:00,1006.7,1076.5,931.9,740.8,928.0,1014.9,14.7,49.0
2017-06-11 21:10:00,965.0,1067.5,939.7,731.5,956.7,1030.4,16.0,47.9
2017-06-11 22:10:00,902.3,1027.8,947.6,727.4,958.5,1022.7,15.6,46.1
2017-06-11 23:10:00,904.4,974.9,929.8,711.9,894.6,1014.0,15.9,43.9
2017-06-12 00:10:00,876.8,911.1,847.3,671.3,870.0,984.2,12.9,40.5
2017-06-12 01:10:00,822.3,848.1,791.9,643.9,855.7,952.5,12.9,38.3
2017-06-12 02:10:00,826.4,806.4,711.8,626.4,832.7,914.5,12.8,36.4
2017-06-12 03:10:00,806.1,789.2,697.8,608.7,803.0,886.1,13.0,35.8
2017-06-12 04:10:00,818.2,760.4,659.3,640.2,775.0,829.8,12.9,35.0
2017-06-12 05:10:00,773.0,746.2,662.1,624.0,788.6,832.2,12.9,34.2
2017-06-12 06:10:00,803.8,762.7,659.2,657.5,782.0,803.5,12.7,34.0
2017-06-12 07:10:00,778.7,849.7,715.8,664.4,879.9,837.7,12.8,35.4
2017-06-12 08:10:00,940.5,1051.2,914.0,815.4,983.1,948.9,17.4,39.4
2017-06-12 09:10:00,1094.4,1217.9,1003.8,891.7,1070.9,1028.6,12.7,43.6
2017-06-12 10:10:00,1139.9,1263.0,999.3,891.5,1085.8,1037.2,12.7,45.9
2017-06-12 11:10:00,1155.2,1324.5,1081.0,910.3,1116.7,1082.6,12.9,48.5
2017-06-12 12:10:00,1150.2,1298.6,986.1,860.2,1114.2,1056.7,12.9,47.9
2017-06-12 13:10:00,1161.7,1340.5,1100.0,915.7,1137.3,1106.8,12.9,48.9
2017-06-12 14:10:00,1171.0,1329.2,1099.2,916.9,1128.2,1116.7,12.9,48.4
2017-06-12 15:10:00,1163.0,1312.1,1075.2,912.1,1117.8,1096.4,12.9,48.3
2017-06-12 16:10:00,1136.7,1301.5,1091.7,909.4,1101.5,1084.5,12.9,47.4
2017-06-12 17:10:00,1100.6,1248.1,1001.7,849.0,1077.1,1048.9,12.9,46.3
2017-06-12 18:10:00,1062.9,1208.8,994.6,818.2,1072.3,1069.5,12.8,46.1
2017-06-12 19:10:00,1071.6,1207.2,1040.9,843.2,1091.2,1116.3,12.9,49.9
2017-06-12 20:10:00,1065.8,1187.4,1019.4,837.8,1088.8,1111.0,13.0,50.8
2017-06-12 21:00:00,1015.3,1133.0,1005.1,816.5,1046.6,1079.9,12.9,50.4
2017-06-12 22:10:00,976.6,1071.7,993.4,797.6,1001.1,1067.2,10.4,45.1
2017-06-12 23:10:00,972.4,1035.5,948.4,792.2,974.1,1034.2,10.3,43.2
2017-06-13 00:10:00,900.9,957.9,855.4,750.7,956.3,976.0,10.3,38.3
2017-06-13 01:10:00,858.9,908.9,831.9,726.1,912.4,941.3,10.4,37.2
2017-06-13 02:10:00,835.8,857.9,796.2,707.6,864.5,906.0,10.3,35.2
2017-06-13 03:10:00,802.9,826.0,765.6,680.7,840.5,878.3,10.3,34.4
2017-06-13 04:10:00,800.1,806.1,723.4,674.7,840.4,859.6,10.1,33.6
2017-06-13 05:10:00,766.5,794.3,722.4,668.2,843.8,846.8,10.2,33.5
2017-06-13 06:10:00,768.8,812.6,715.0,657.7,848.3,838.5,10.0,33.4
2017-06-13 07:10:00,817.2,875.0,716.5,685.1,919.3,869.0,10.1,34.0
2017-06-13 08:10:00,958.4,1072.6,890.5,807.3,1045.1,985.7,10.0,38.4
2017-06-13 09:10:00,1096.2,1227.5,969.8,874.7,1126.3,1057.1,10.1,42.9
2017-06-13 10:10:00,1128.1,1270.9,969.6,867.5,1129.9,1054.5,8.9,43.6
2017-06-13 11:10:00,1140.5,1330.7,1042.5,894.7,1188.2,1107.8,8.9,47.0
2017-06-13 12:10:00,1100.2,1299.2,949.7,836.9,1175.5,1053.3,8.9,44.9
2017-06-13 13:10:00,1141.2,1332.7,1041.6,895.3,1185.7,1105.2,8.9,44.2
2017-06-13 14:10:00,1143.2,1334.5,1071.6,910.1,1181.0,1115.3,8.9,44.8
2017-06-13 15:10:00,1155.0,1319.2,1035.2,905.3,1162.2,1091.9,8.9,44.9
2017-06-13 16:10:00,1130.8,1288.2,1003.7,885.0,1151.2,1080.8,11.7,43.4
2017-06-13 17:10:00,1142.7,1253.1,977.8,857.6,1072.5,1052.0,11.7,41.9
2017-06-13 18:10:00,1147.5,1226.6,974.4,855.4,1065.1,1072.0,11.7,44.6
2017-06-13 19:10:00,1154.2,1240.1,1002.6,854.9,1064.9,1091.7,11.7,46.8
2017-06-13 20:10:00,1119.4,1214.2,984.6,833.5,1063.5,1083.3,11.7,48.2
2017-06-13 21:10:00,1035.8,1160.6,984.8,810.2,1046.5,1061.2,11.7,46.7
2017-06-13 22:10:00,1023.9,1101.6,972.0,777.3,962.8,1047.9,11.7,43.5
2017-06-13 23:10:00,1028.3,1065.3,953.8,784.3,919.4,1020.7,11.7,42.9
2017-06-14 00:10:00,962.6,988.8,881.6,742.7,883.0,970.1,11.7,37.4
2017-06-14 01:10:00,918.7,936.5,820.5,720.8,882.9,940.1,11.7,36.4
2017-06-14 02:10:00,883.2,879.3,738.8,688.2,886.4,918.1,11.7,34.5
2017-06-14 03:10:00,887.4,855.8,656.5,678.0,887.1,875.5,11.7,33.4
2017-06-14 04:10:00,872.7,835.5,664.2,667.9,853.2,865.9,11.7,32.7
2017-06-14 05:10:00,858.9,824.1,655.4,642.1,829.3,856.4,11.7,32.8
2017-06-14 06:10:00,858.4,831.7,661.4,646.4,840.2,861.2,11.6,32.4
2017-06-14 07:10:00,871.4,885.2,703.6,682.2,883.7,868.5,11.7,34.5
2017-06-14 08:10:00,945.3,1040.8,898.1,792.1,1000.9,985.5,11.5,37.5
2017-06-14 09:10:00,1091.5,1166.5,958.8,841.4,1038.6,1051.7,11.7,41.1
2017-06-14 10:10:00,1074.6,1180.0,950.9,821.4,1043.8,1037.3,11.6,42.2
2017-06-14 11:10:00,1126.4,1213.2,962.4,838.1,1074.6,1079.6,11.7,44.2
2017-06-14 12:10:00,1046.0,1156.1,895.7,769.5,1023.1,1008.9,11.7,42.0
2017-06-14 13:10:00,1063.7,1190.6,962.7,812.8,1058.6,1051.1,11.7,42.1
2017-06-14 14:10:00,1094.0,1201.8,976.6,830.8,1069.9,1076.7,11.7,42.8
2017-06-14 15:10:00,1063.7,1196.2,988.8,832.9,1070.4,1062.4,11.7,43.1
2017-06-14 16:10:00,1047.1,1192.3,1004.3,840.3,1065.1,1052.6,11.7,43.0
2017-06-14 17:10:00,1051.7,1158.1,954.7,814.9,1046.4,1050.2,11.7,41.4
2017-06-14 18:10:00,1041.8,1143.4,949.4,810.3,1028.5,1034.7,11.7,43.0
2017-06-14 19:10:00,1052.7,1137.3,952.7,817.9,1024.8,1042.6,11.7,44.1
2017-06-14 20:10:00,1011.4,1093.8,943.7,805.3,988.8,1012.8,11.7,43.7
2017-06-14 21:10:00,952.3,1064.6,947.9,768.7,970.1,1006.3,11.7,42.4
2017-06-14 22:10:00,905.7,1002.0,950.6,732.9,905.7,997.9,11.8,40.9
2017-06-14 23:10:00,900.3,950.9,897.8,745.3,868.0,943.3,11.7,38.3
2017-06-15 00:10:00,810.1,870.5,847.7,693.6,830.6,900.7,11.7,35.3
2017-06-15 01:10:00,842.2,813.9,720.4,679.5,833.7,881.9,11.7,32.6
2017-06-15 02:10:00,828.7,786.5,668.7,662.7,813.4,841.4,11.7,32.0
2017-06-15 03:10:00,802.7,764.8,636.5,640.7,812.4,827.4,11.7,30.4
2017-06-15 04:10:00,823.6,743.4,578.6,630.3,825.2,835.2,11.7,30.2
2017-06-15 05:10:00,795.8,740.7,587.9,631.5,810.2,803.3,11.7,30.0
2017-06-15 06:10:00,801.9,761.4,596.4,633.3,827.3,812.4,11.6,30.2
2017-06-15 07:10:00,890.0,833.2,575.6,655.4,879.3,837.0,11.6,30.9
2017-06-15 08:10:00,931.4,978.9,810.9,748.9,941.4,932.7,11.6,34.7
2017-06-15 09:10:00,994.2,1081.0,911.6,797.0,975.2,978.1,11.6,36.6
2017-06-15 10:10:00,966.1,1098.9,906.2,783.2,1025.2,988.3,11.6,38.6
2017-06-15 11:10:00,997.5,1127.7,914.8,800.2,1059.2,1016.1,10.5,37.9
2017-06-15 12:10:00,956.0,1079.8,807.4,736.3,1017.2,938.5,11.7,37.7
2017-06-15 13:10:00,935.2,1108.2,922.5,774.5,1026.7,975.6,11.6,37.8
2017-06-15 14:10:00,978.0,1129.8,927.1,795.1,1047.6,1000.2,11.7,39.3
2017-06-15 15:10:00,989.5,1120.8,900.5,796.2,1044.4,990.4,12.4,39.4
2017-06-15 16:10:00,1043.9,1127.0,885.2,808.8,1035.5,1006.7,17.3,39.5
2017-06-15 17:10:00,1037.5,1107.0,880.9,793.9,999.9,996.6,17.3,38.0
2017-06-15 18:10:00,1027.8,1096.4,890.7,798.2,997.3,999.8,17.3,38.7
2017-06-15 19:10:00,1024.0,1093.5,902.4,814.9,1027.9,1022.6,17.3,40.6
2017-06-15 20:10:00,960.3,1049.8,928.1,783.4,990.2,1021.8,17.3,40.9
2017-06-15 21:10:00,940.4,1016.3,870.0,754.4,984.1,1001.2,17.3,39.8
2017-06-15 22:10:00,857.5,962.5,864.4,716.2,943.7,966.3,17.3,37.9
2017-06-15 23:10:00,903.7,902.7,817.1,728.1,849.9,921.1,17.3,36.1
2017-06-16 00:10:00,826.9,830.1,797.0,709.2,804.4,871.9,15.7,32.9
2017-06-16 01:10:00,779.3,780.5,748.0,686.8,795.5,838.9,15.6,32.2
2017-06-16 02:10:00,771.5,761.1,691.8,644.8,785.3,826.9,15.7,31.5
2017-06-16 03:10:00,737.4,736.5,673.3,662.4,795.8,792.8,15.7,30.5
2017-06-16 04:10:00,738.9,725.7,639.1,656.3,787.5,769.7,15.6,29.4
2017-06-16 05:10:00,759.5,727.7,588.7,634.4,806.3,777.8,15.7,30.1
2017-06-16 06:10:00,812.4,750.1,558.4,642.8,820.7,783.9,15.6,30.2
2017-06-16 07:10:00,823.7,820.3,603.1,654.2,897.0,834.2,14.6,29.6
2017-06-16 08:10:00,859.9,972.0,811.9,750.3,1003.2,933.1,14.4,34.0
2017-06-16 09:10:00,987.7,1081.2,881.9,802.1,1024.9,989.1,14.6,36.7
2017-06-16 10:10:00,949.9,1118.2,942.5,791.8,1046.6,1004.7,14.8,39.1
2017-06-16 11:10:00,969.9,1144.4,973.3,811.9,1067.0,1029.2,14.6,39.3
2017-06-16 12:10:00,970.3,1103.6,846.3,744.1,1070.0,1013.9,14.8,39.8
2017-06-16 13:10:00,952.9,1125.5,947.4,795.2,1078.1,1033.3,14.7,39.1
2017-06-16 14:10:00,1005.4,1170.3,956.9,790.5,1073.4,1049.9,14.8,39.7
2017-06-16 15:10:00,1001.3,1143.7,952.4,810.4,1062.5,1036.7,14.7,40.1
2017-06-16 16:10:00,1014.4,1146.1,947.0,819.4,1071.1,1041.2,14.8,40.7
2017-06-16 17:10:00,954.4,1114.8,932.6,802.3,1079.9,1024.4,14.9,40.3
2017-06-16 18:10:00,978.0,1092.0,921.0,790.2,1043.9,1033.3,14.4,41.7
2017-06-16 19:10:00,1003.2,1085.3,930.4,801.8,1025.8,1044.3,14.4,42.4
2017-06-16 20:10:00,959.4,1055.6,932.4,784.6,1007.6,1031.4,14.4,42.3
2017-06-16 21:10:00,947.1,1012.7,888.0,740.6,956.2,1011.0,14.3,41.3
2017-06-16 22:10:00,864.1,950.1,895.1,717.0,899.8,967.4,14.4,39.0
2017-06-16 23:10:00,873.5,914.4,863.4,725.3,856.9,930.3,14.4,38.2
2017-06-17 00:10:00,809.1,847.1,771.0,677.0,871.0,906.4,14.5,35.0
2017-06-17 01:10:00,840.4,808.6,671.3,683.9,857.6,858.3,14.5,32.9
2017-06-17 02:10:00,776.2,772.6,640.5,645.4,868.7,850.4,14.4,31.3
2017-06-17 03:10:00,773.4,750.7,619.9,642.7,846.8,830.4,14.4,30.7
2017-06-17 04:10:00,755.7,739.2,600.2,620.9,834.4,814.5,14.3,30.1
2017-06-17 05:10:00,731.0,727.3,607.2,621.2,821.7,795.2,14.3,30.6
2017-06-17 06:10:00,712.1,731.0,625.7,620.5,816.1,786.4,14.3,30.3
2017-06-17 07:10:00,768.4,751.9,611.6,627.4,818.5,802.2,14.3,31.2
2017-06-17 08:10:00,766.1,824.2,756.6,672.4,841.9,848.9,14.2,33.3
2017-06-17 09:10:00,779.5,890.5,853.1,704.2,861.5,877.9,14.4,35.9
2017-06-17 10:10:00,803.2,929.1,856.7,722.4,925.2,911.1,14.6,37.2
2017-06-17 11:10:00,849.6,971.7,855.8,733.5,964.8,941.3,14.5,38.3
2017-06-17 12:10:00,864.2,958.5,823.3,695.5,902.2,913.3,14.6,37.0
2017-06-17 13:10:00,848.8,934.7,819.9,699.7,899.2,912.3,14.4,35.4
2017-06-17 14:10:00,817.1,946.4,846.4,739.2,963.5,919.0,14.6,36.9
2017-06-17 15:10:00,810.1,941.5,838.0,729.6,954.3,909.0,14.4,36.8
2017-06-17 16:10:00,811.2,934.3,852.4,717.5,940.2,928.6,14.4,38.0
2017-06-17 17:10:00,837.1,936.5,845.2,710.1,911.7,923.5,14.3,38.3
2017-06-17 18:10:00,859.1,934.5,844.7,729.5,931.9,945.1,14.4,40.9
2017-06-17 19:10:00,875.5,958.2,864.4,737.6,926.4,943.0,14.4,41.7
2017-06-17 20:10:00,862.3,942.8,859.8,734.1,922.6,940.6,14.3,41.5
2017-06-17 21:10:00,859.9,923.7,856.0,720.8,886.5,930.3,14.5,42.1
2017-06-17 22:10:00,811.8,873.4,803.9,681.8,868.1,904.1,14.4,38.7
2017-06-17 23:10:00,729.5,839.2,838.6,673.0,842.0,875.4,14.5,37.0
2017-06-18 00:10:00,644.6,788.8,852.7,667.5,801.9,824.3,14.5,33.1
2017-06-18 01:10:00,595.3,747.4,827.4,644.5,785.1,799.5,14.4,30.8
2017-06-18 02:10:00,556.0,709.3,808.8,635.9,754.5,759.1,14.3,29.3
2017-06-18 03:10:00,560.1,703.7,756.7,610.9,788.3,775.3,14.5,29.8
2017-06-18 04:10:00,584.3,689.4,700.6,616.3,780.3,744.7,14.3,29.1
2017-06-18 05:10:00,601.5,684.2,664.2,586.2,784.0,763.9,14.4,29.8
2017-06-18 06:10:00,589.5,687.5,661.1,576.5,783.5,754.9,14.3,29.5
2017-06-18 07:10:00,597.2,697.7,666.2,582.8,786.0,753.7,14.4,29.6
2017-06-18 08:10:00,636.2,723.7,669.0,594.2,787.4,757.2,14.2,31.7
2017-06-18 09:10:00,661.7,767.4,728.9,613.7,807.4,797.7,14.2,33.4
2017-06-18 10:10:00,679.4,840.7,825.4,633.9,814.5,824.2,14.5,34.9
2017-06-18 11:10:00,667.4,869.3,849.7,643.5,882.7,865.2,14.6,36.4
2017-06-18 12:10:00,665.2,882.6,879.4,649.1,879.4,871.0,14.6,35.9
2017-06-18 13:10:00,661.1,885.4,886.6,638.5,886.6,888.5,14.7,36.6
2017-06-18 14:10:00,665.7,881.5,876.2,645.5,877.1,870.6,14.6,36.0
2017-06-18 15:10:00,689.1,883.1,876.3,644.0,841.1,857.9,14.5,36.0
2017-06-18 16:10:00,701.7,901.0,873.6,640.3,834.7,846.9,14.6,36.2
2017-06-18 17:10:00,712.2,896.2,878.3,672.1,865.8,865.1,14.5,37.4
2017-06-18 18:10:00,731.2,918.4,879.7,675.9,886.6,878.1,14.6,39.7
2017-06-18 19:10:00,791.2,931.7,889.5,692.9,890.7,919.5,14.6,41.9
2017-06-18 20:10:00,800.8,938.3,886.2,689.3,889.4,920.2,14.6,43.3
2017-06-18 21:10:00,814.7,930.0,860.6,685.8,885.2,916.9,14.6,42.3
2017-06-18 22:10:00,765.3,862.5,858.3,667.2,835.1,904.5,14.6,39.2
2017-06-18 23:10:00,689.6,812.8,849.8,626.2,779.3,857.9,14.6,36.5
2017-06-19 00:10:00,642.4,772.9,786.3,597.1,791.9,830.9,14.6,34.3
2017-06-19 01:10:00,628.3,717.3,701.8,580.0,793.4,809.0,14.6,31.7
2017-06-19 02:10:00,624.1,704.5,647.2,577.8,796.3,771.0,14.6,29.0
2017-06-19 03:10:00,624.6,681.6,595.3,559.3,803.9,769.3,14.7,28.4
2017-06-19 04:10:00,616.9,667.8,588.6,566.0,791.7,750.3,14.6,27.7
2017-06-19 05:10:00,617.0,671.2,573.4,556.7,796.6,744.9,14.6,28.8
2017-06-19 06:10:00,616.7,697.3,595.4,575.8,825.7,750.0,14.6,29.3
2017-06-19 07:10:00,675.4,773.3,639.0,599.7,866.1,792.7,14.6,29.4
2017-06-19 08:10:00,802.5,952.4,866.7,713.2,944.5,928.9,14.4,33.7
2017-06-19 09:10:00,919.7,1077.6,906.6,772.2,1059.5,1013.3,14.5,37.1
2017-06-19 10:10:00,907.1,1113.2,896.2,757.8,1107.6,1016.0,14.2,38.1
2017-06-19 11:10:00,998.5,1152.2,902.6,778.3,1108.4,1055.1,14.3,38.2
2017-06-19 12:10:00,916.5,1103.5,886.7,713.3,1033.5,996.8,14.3,37.5
2017-06-19 13:10:00,987.4,1136.4,906.2,763.8,1075.9,1045.0,14.2,38.6
2017-06-19 14:10:00,1005.2,1164.2,916.6,788.4,1124.9,1068.0,14.2,40.2
2017-06-19 15:10:00,1001.4,1163.5,920.3,793.9,1120.7,1059.1,14.3,40.3
2017-06-19 16:10:00,999.9,1167.7,945.4,797.8,1090.6,1045.1,14.2,39.5
2017-06-19 17:10:00,975.1,1153.0,938.2,796.3,1084.5,1023.8,14.3,38.9
2017-06-19 18:10:00,966.9,1143.6,947.8,803.0,1081.0,1023.5,14.3,40.0
2017-06-19 19:10:00,970.4,1140.2,969.4,813.5,1085.8,1043.6,14.3,42.6
2017-06-19 20:10:00,946.4,1108.6,931.0,785.9,1083.0,1037.7,14.3,42.4
2017-06-19 21:10:00,940.5,1067.4,927.2,760.0,1005.6,1018.4,14.4,41.8
2017-06-19 22:10:00,873.0,985.5,909.7,722.1,930.5,980.8,14.3,39.0
2017-06-19 23:10:00,863.2,956.5,891.9,707.9,902.9,968.6,14.3,39.3
2017-06-20 00:10:00,790.4,863.9,783.2,672.9,902.6,918.0,14.3,35.7
2017-06-20 01:10:00,777.8,815.0,690.1,646.5,893.9,882.2,14.3,32.5
2017-06-20 02:10:00,779.1,793.3,633.0,634.9,887.0,852.7,14.3,32.5
2017-06-20 03:10:00,746.2,754.1,619.2,623.6,863.8,834.4,14.2,31.3
2017-06-20 04:10:00,756.1,751.9,599.2,605.7,839.0,820.2,14.3,30.8
2017-06-20 05:10:00,769.4,742.0,574.1,623.2,850.4,812.7,14.3,30.3
2017-06-20 06:10:00,758.6,762.2,577.9,608.5,863.2,813.1,14.1,29.9
2017-06-20 07:10:00,808.2,833.3,595.5,632.6,936.3,855.9,14.2,32.4
2017-06-20 08:10:00,815.4,942.0,776.2,712.2,996.7,914.5,13.9,33.5
2017-06-20 09:10:00,922.2,1125.0,933.5,782.5,1100.8,1025.3,14.3,37.9
2017-06-20 10:10:00,959.1,1157.9,923.3,773.3,1120.0,1045.5,14.2,39.7
2017-06-20 11:10:00,1030.6,1214.3,922.1,796.5,1157.6,1072.6,14.1,41.0
2017-06-20 12:10:00,929.1,1160.3,899.5,745.4,1186.8,1083.1,14.1,40.8
2017-06-20 13:10:00,966.0,1200.0,945.2,786.4,1166.2,1063.4,14.1,41.6
2017-06-20 14:10:00,1023.1,1232.1,945.8,807.8,1177.9,1077.6,14.1,43.3
2017-06-20 15:10:00,1026.8,1220.6,929.7,804.0,1170.6,1074.4,14.0,42.2
2017-06-20 16:10:00,1031.8,1216.6,935.4,812.4,1160.1,1071.9,14.0,40.4
2017-06-20 17:10:00,1008.8,1189.5,922.6,787.8,1119.5,1046.9,14.1,40.7
2017-06-20 18:10:00,1007.2,1170.9,924.9,791.1,1097.9,1042.0,14.1,40.0
2017-06-20 19:00:00,1038.1,1174.2,952.9,823.6,1096.2,1059.3,14.1,44.2
2017-06-20 20:10:00,1036.2,1147.1,941.0,811.7,1062.9,1050.6,14.1,44.8
2017-06-20 21:10:00,999.5,1099.8,922.4,768.3,1015.5,1039.5,14.1,43.8
2017-06-20 22:10:00,973.7,1030.1,921.6,739.6,912.0,1010.3,14.1,41.2
2017-06-20 23:10:00,976.4,979.3,867.5,733.6,890.1,996.7,14.1,38.5
2017-06-21 00:10:00,902.7,923.5,797.8,701.9,891.9,945.5,14.1,35.6
2017-06-21 01:10:00,902.1,865.8,717.0,671.8,855.8,917.0,13.4,33.7
2017-06-21 02:10:00,888.3,818.5,666.8,652.1,818.9,884.9,13.4,32.0
2017-06-21 03:10:00,852.7,786.4,637.5,635.4,814.5,864.9,13.4,31.5
2017-06-21 04:10:00,828.8,781.1,630.8,627.8,801.1,835.2,13.3,29.9
2017-06-21 05:10:00,855.0,782.4,593.7,616.5,808.5,841.9,13.5,30.0
2017-06-21 06:10:00,873.1,794.3,598.2,637.8,820.3,840.2,11.9,31.1
2017-06-21 07:10:00,860.8,852.0,588.9,643.4,948.4,881.4,11.8,33.1
2017-06-21 08:10:00,903.4,974.0,715.5,708.2,1010.7,923.6,11.5,35.3
2017-06-21 09:10:00,979.0,1156.5,938.3,800.5,1111.8,1046.7,14.0,39.3
2017-06-21 10:10:00,1012.3,1189.2,946.6,799.5,1118.9,1062.3,16.9,43.7
2017-06-21 11:10:00,1099.4,1251.8,951.8,832.6,1158.5,1099.1,17.1,43.4
2017-06-21 12:10:00,1036.7,1214.1,922.7,776.2,1124.6,1068.6,17.0,42.2
2017-06-21 13:10:00,1079.4,1261.7,997.7,837.2,1166.9,1119.1,16.9,42.8
2017-06-21 14:10:00,1129.7,1292.4,1002.8,862.0,1169.1,1119.9,16.9,44.3
2017-06-21 15:10:00,1150.7,1285.1,978.5,860.4,1163.3,1118.8,16.9,45.1
2017-06-21 16:10:00,1153.3,1280.6,986.8,863.7,1134.1,1101.5,15.6,44.1
2017-06-21 17:10:00,1147.3,1250.2,932.4,837.1,1108.4,1072.9,15.7,43.5
2017-06-21 18:10:00,1160.1,1231.8,941.6,837.7,1053.9,1057.7,15.7,44.0
2017-06-21 19:10:00,1161.8,1230.0,978.1,858.5,1066.4,1086.6,15.7,46.9
2017-06-21 20:10:00,1145.9,1199.6,963.0,846.9,1050.8,1081.5,15.8,47.4
2017-06-21 21:10:00,1086.9,1152.8,950.3,812.9,1031.5,1073.0,15.7,45.7
2017-06-21 22:10:00,1064.3,1087.0,935.1,781.1,942.2,1045.0,14.8,43.2
2017-06-21 23:10:00,1056.0,1045.6,910.8,776.5,922.1,1039.1,13.7,41.4
2017-06-22 00:10:00,985.7,963.8,796.9,741.9,919.8,972.6,14.1,38.1
2017-06-22 01:10:00,921.7,900.6,788.9,710.5,860.2,938.1,13.9,35.5
2017-06-22 02:10:00,858.2,864.6,762.9,684.6,849.2,900.8,13.7,34.0
2017-06-22 03:10:00,842.4,836.2,692.9,658.4,851.5,872.7,13.9,33.3
2017-06-22 04:10:00,825.8,810.0,694.7,661.4,836.6,867.5,14.3,32.4
2017-06-22 05:10:00,820.3,798.6,687.3,651.2,797.0,838.0,14.0,30.9
2017-06-22 06:10:00,822.4,828.3,687.0,656.3,831.4,838.5,14.1,31.8
2017-06-22 07:10:00,867.9,894.4,705.6,657.8,884.1,885.5,14.0,33.8
2017-06-22 08:10:00,985.6,1071.9,875.3,785.7,999.3,979.6,14.8,37.7
2017-06-22 09:10:00,1074.7,1205.6,943.1,819.6,1102.4,1067.5,14.8,42.4
2017-06-22 10:10:00,1144.4,1248.8,943.0,832.2,1110.0,1087.4,14.8,43.8
2017-06-22 11:10:00,1189.0,1303.6,975.4,855.4,1151.2,1125.3,14.9,46.2
2017-06-22 12:10:00,1151.5,1281.2,907.0,801.1,1150.5,1095.1,14.8,46.5
2017-06-22 13:10:00,1175.8,1319.9,990.0,852.2,1185.1,1147.8,16.2,47.1
2017-06-22 14:10:00,1186.1,1340.5,1023.0,871.4,1194.1,1161.0,17.0,47.2
2017-06-22 15:10:00,1211.6,1326.6,1035.9,872.1,1118.4,1137.0,17.0,47.3
2017-06-22 16:10:00,1212.6,1313.0,1023.4,869.9,1093.7,1117.2,17.0,46.6
2017-06-22 17:10:00,1207.3,1268.3,959.7,840.5,1059.2,1088.7,17.0,45.7
2017-06-22 18:10:00,1210.3,1252.7,955.7,837.6,1026.6,1072.7,16.9,46.5
2017-06-22 19:10:00,1216.2,1253.9,1000.4,859.0,1051.5,1120.4,14.4,49.0
2017-06-22 20:10:00,1211.9,1227.9,934.0,832.2,1069.5,1119.9,14.0,49.5
2017-06-22 21:10:00,1144.2,1180.7,963.7,819.3,1032.1,1105.8,14.4,48.5
2017-06-22 22:10:00,1073.5,1121.5,957.8,790.7,995.1,1081.5,14.2,46.8
2017-06-22 23:10:00,1082.0,1074.6,934.6,787.6,938.4,1062.3,14.4,44.9
2017-06-23 00:10:00,1030.7,997.4,840.6,761.1,932.5,1016.5,12.6,41.5
2017-06-23 01:10:00,1006.7,941.8,785.8,744.8,883.5,962.5,12.3,39.1
2017-06-23 02:10:00,915.2,891.2,737.2,701.9,885.6,918.9,12.4,38.4
2017-06-23 03:10:00,914.5,850.2,724.6,710.4,828.5,882.9,12.3,36.5
2017-06-23 04:10:00,883.9,839.8,728.3,701.4,810.6,859.5,12.4,34.4
2017-06-23 05:10:00,834.4,813.1,721.1,678.5,797.7,839.6,12.3,34.3
2017-06-23 06:10:00,857.1,834.8,716.9,695.6,817.0,838.9,12.2,33.9
2017-06-23 07:10:00,888.3,894.2,717.2,715.1,900.2,873.1,12.2,35.6
2017-06-23 08:10:00,980.3,1070.9,874.2,818.1,1045.9,983.8,12.1,39.7
2017-06-23 09:10:00,1143.1,1228.8,971.8,879.6,1074.2,1051.4,13.9,43.3
2017-06-23 10:10:00,1178.1,1268.9,975.5,883.9,1089.2,1058.8,14.3,45.6
2017-06-23 11:10:00,1198.9,1331.0,1041.0,914.6,1132.2,1095.5,17.0,47.9
2017-06-23 12:10:00,1206.1,1309.9,918.9,865.7,1141.5,1056.1,12.3,47.1
2017-06-23 13:10:00,1203.1,1341.5,1034.6,915.2,1145.0,1095.2,17.0,47.8
2017-06-23 14:10:00,1206.9,1342.5,1038.7,924.2,1140.6,1087.1,17.0,49.5
2017-06-23 15:10:00,1204.1,1329.5,1031.6,923.0,1127.4,1080.3,17.1,47.3
2017-06-23 16:10:00,1210.2,1309.5,1000.9,918.7,1101.4,1048.4,10.8,46.8
2017-06-23 17:10:00,1152.9,1263.3,961.5,878.0,1069.3,1007.6,10.9,45.7
2017-06-23 18:10:00,1160.1,1235.8,940.6,880.9,1064.9,1012.8,10.7,46.9
2017-06-23 19:10:00,1182.3,1237.8,966.4,885.1,1074.2,1061.9,10.8,49.0
2017-06-23 20:10:00,1166.3,1211.0,948.2,884.5,1070.1,1049.9,10.6,50.0
2017-06-23 21:10:00,1123.8,1181.6,966.0,866.2,1021.5,1028.6,13.8,48.6
2017-06-23 22:10:00,1087.0,1118.4,946.1,837.1,968.4,1013.9,13.2,45.3
2017-06-23 23:10:00,1049.2,1083.6,960.0,828.3,940.9,1007.2,14.0,44.9
2017-06-24 00:10:00,957.2,1009.4,931.6,801.7,923.3,973.5,14.0,41.5
2017-06-24 01:10:00,959.3,959.3,778.5,753.8,929.5,929.4,13.7,38.5
2017-06-24 02:10:00,925.2,902.4,728.7,739.1,914.3,902.9,13.4,37.4
2017-06-24 03:10:00,897.7,862.9,653.0,714.9,906.3,857.1,13.8,36.0
2017-06-24 04:10:00,901.5,827.3,606.4,703.9,889.9,845.4,13.7,34.9
2017-06-24 05:10:00,864.0,801.4,614.3,682.1,849.1,822.8,13.2,34.2
2017-06-24 06:10:00,837.2,805.4,606.9,661.5,852.1,809.1,13.8,34.1
2017-06-24 07:10:00,857.2,845.8,647.2,681.5,878.0,833.8,13.6,34.8
2017-06-24 08:10:00,835.4,904.2,770.1,734.5,937.0,878.9,13.1,37.9
2017-06-24 09:10:00,921.7,980.0,798.7,762.7,971.1,921.5,13.5,40.9
2017-06-24 10:10:00,907.4,1044.4,883.4,774.2,1022.3,965.8,13.6,42.2
2017-06-24 11:10:00,986.6,1104.2,903.6,808.6,1030.6,977.2,13.5,44.3
2017-06-24 12:10:00,993.9,1117.2,904.1,795.9,1031.7,985.3,14.4,45.7
2017-06-24 13:10:00,997.3,1146.7,944.5,809.4,1066.8,1019.4,14.1,47.1
2017-06-24 14:10:00,1021.2,1161.9,962.6,827.5,1061.6,1023.2,14.2,46.9
2017-06-24 15:10:00,988.0,1128.8,943.1,823.3,1053.0,1000.1,14.2,46.1
2017-06-24 16:10:00,991.8,1112.5,914.2,814.1,1028.1,976.7,14.3,45.0
2017-06-24 17:10:00,982.1,1093.4,903.1,790.7,974.1,943.8,14.1,45.6
2017-06-24 18:10:00,981.9,1092.5,895.2,766.8,964.0,951.1,14.1,44.8
2017-06-24 19:10:00,1006.4,1117.7,918.1,801.2,1020.2,992.6,14.3,47.4
2017-06-24 20:10:00,1033.6,1130.3,915.3,818.6,1030.8,995.1,14.3,50.0
2017-06-24 21:10:00,1038.5,1123.3,909.9,804.6,1003.0,988.1,14.2,49.7
2017-06-24 22:10:00,1020.5,1086.2,909.1,789.0,959.6,980.6,14.3,47.7
2017-06-24 23:10:00,997.9,1033.8,903.4,790.8,926.3,970.4,14.2,46.8
2017-06-25 00:10:00,924.4,987.3,873.4,745.9,896.5,931.6,13.4,42.9
2017-06-25 01:10:00,921.9,923.3,778.2,733.1,884.2,899.0,11.3,40.4
2017-06-25 02:10:00,906.8,875.1,743.2,714.7,824.0,857.5,11.8,38.4
2017-06-25 03:10:00,872.4,847.6,731.9,685.4,803.0,848.7,11.4,37.1
2017-06-25 04:10:00,840.4,812.0,679.0,668.6,801.5,815.8,11.8,36.2
2017-06-25 05:10:00,840.8,787.7,640.9,651.2,795.9,814.9,11.4,35.3
2017-06-25 06:10:00,810.1,780.0,639.5,652.8,793.0,785.9,11.5,35.3
2017-06-25 07:10:00,814.6,791.2,645.2,649.0,797.8,793.2,11.6,35.7
2017-06-25 08:10:00,820.0,845.3,729.5,667.6,810.4,820.5,11.5,38.1
2017-06-25 09:10:00,814.8,893.7,796.8,667.4,829.3,851.2,11.5,40.1
2017-06-25 10:10:00,790.8,964.3,933.6,691.9,836.3,873.5,11.3,42.2
2017-06-25 11:10:00,899.1,1029.2,956.8,722.2,834.9,907.3,12.4,44.4
2017-06-25 12:10:00,901.3,1050.2,950.6,724.9,878.1,921.6,12.2,45.5
2017-06-25 13:10:00,913.2,1075.4,969.5,740.9,908.6,940.7,12.3,46.6
2017-06-25 14:10:00,911.8,1070.1,960.3,737.3,921.6,952.7,13.0,46.5
2017-06-25 15:10:00,918.5,1060.5,956.2,744.9,894.5,930.5,12.9,46.0
2017-06-25 16:10:00,933.5,1050.3,941.4,742.1,870.8,921.4,13.1,44.9
2017-06-25 17:10:00,925.7,1049.8,938.3,736.6,854.8,900.8,13.1,44.7
2017-06-25 18:10:00,936.3,1045.1,938.4,748.2,844.2,894.5,12.9,43.9
2017-06-25 19:10:00,944.7,1098.1,1012.3,774.6,894.8,947.5,16.2,47.8
2017-06-25 20:10:00,954.5,1112.8,1038.0,794.4,906.8,959.6,16.3,48.8
2017-06-25 21:10:00,983.3,1112.5,1024.6,792.0,897.3,967.5,16.2,49.4
2017-06-25 22:10:00,979.5,1082.1,976.6,772.9,895.6,964.3,16.0,48.5
2017-06-25 23:10:00,915.3,1025.3,955.7,752.7,894.9,954.2,13.0,46.8
2017-06-26 00:10:00,921.1,956.0,862.2,728.7,866.8,934.5,13.0,43.9
2017-06-26 01:10:00,862.8,901.0,766.5,701.4,887.8,885.3,11.8,41.2
2017-06-26 02:10:00,860.3,846.1,659.5,678.1,895.4,864.0,11.9,39.0
2017-06-26 03:10:00,867.9,820.1,628.7,652.9,842.8,839.8,11.9,38.5
2017-06-26 04:10:00,832.5,798.2,628.8,646.3,810.9,802.6,11.9,37.0
2017-06-26 05:10:00,805.8,786.9,602.3,621.2,839.6,815.3,11.9,36.3
2017-06-26 06:10:00,784.4,808.3,607.8,607.7,875.8,828.0,12.0,36.0
2017-06-26 07:10:00,831.4,875.8,614.1,627.1,934.1,851.6,11.7,36.9
2017-06-26 08:10:00,942.1,1073.0,857.4,759.5,1044.2,980.9,11.7,41.9
2017-06-26 09:10:00,1071.0,1227.2,942.7,815.2,1133.7,1070.6,11.6,46.1
2017-06-26 10:10:00,1096.5,1277.4,962.9,833.0,1160.7,1074.1,11.6,47.3
2017-06-26 11:10:00,1163.0,1351.8,975.5,869.3,1234.7,1117.8,14.6,48.8
2017-06-26 12:10:00,1136.1,1320.6,919.3,810.6,1190.8,1078.8,12.9,49.1
2017-06-26 13:10:00,1196.4,1381.0,992.5,875.0,1239.3,1137.3,14.8,49.7
2017-06-26 14:10:00,1206.8,1393.6,1007.4,884.3,1256.4,1156.8,15.0,50.9
2017-06-26 15:10:00,1209.5,1387.3,990.3,883.4,1237.2,1131.8,15.1,49.6
2017-06-26 16:10:00,1214.5,1362.3,970.4,892.7,1205.7,1102.3,15.1,48.4
2017-06-26 17:10:00,1166.1,1315.2,962.3,888.3,1148.1,1041.8,15.4,46.6
2017-06-26 18:10:00,1136.0,1286.9,984.0,894.2,1115.5,1020.8,15.1,48.6
2017-06-26 19:10:00,1199.5,1302.8,988.8,913.2,1126.3,1060.8,12.7,50.5
2017-06-26 20:10:00,1211.1,1282.2,945.8,904.6,1117.1,1048.0,12.6,51.8
2017-06-26 21:10:00,1139.3,1249.2,970.1,894.6,1116.3,1042.9,12.5,51.5
2017-06-26 22:10:00,1127.6,1195.3,925.7,860.8,1065.9,1026.5,12.6,49.3
2017-06-26 23:10:00,1106.4,1136.6,942.0,856.6,1012.2,1031.7,12.0,47.7
2017-06-27 00:10:00,1033.8,1054.1,841.6,801.2,987.9,975.0,11.0,44.1
2017-06-27 01:10:00,959.5,985.9,814.8,781.3,962.5,938.9,10.6,41.3
2017-06-27 02:10:00,909.0,933.5,794.0,748.7,919.6,911.7,10.7,39.4
2017-06-27 03:10:00,912.1,896.5,759.0,720.2,868.5,895.5,10.7,38.2
2017-06-27 04:10:00,898.7,872.9,720.3,709.7,865.6,875.7,10.7,37.0
2017-06-27 05:10:00,857.0,858.6,699.7,694.0,873.5,851.5,10.8,36.8
2017-06-27 06:10:00,863.1,862.3,681.2,692.9,878.6,841.7,10.5,36.4
2017-06-27 07:10:00,875.8,925.1,683.9,695.5,959.6,871.5,10.5,37.7
2017-06-27 08:10:00,947.9,1108.1,890.0,809.5,1091.4,982.1,11.3,40.9
2017-06-27 09:10:00,1111.2,1256.5,928.9,862.5,1183.9,1072.5,12.2,44.6
2017-06-27 10:10:00,1167.9,1310.3,938.2,866.5,1198.5,1093.3,12.2,46.8
2017-06-27 11:10:00,1196.6,1362.9,983.7,885.7,1239.3,1134.6,11.9,48.3
2017-06-27 12:10:00,1160.2,1339.3,919.6,828.4,1207.8,1084.1,12.5,48.2
2017-06-27 13:10:00,1191.3,1380.2,997.2,890.8,1235.8,1120.1,14.3,47.5
2017-06-27 14:10:00,1206.0,1399.2,1024.9,910.9,1242.9,1130.7,14.9,47.8
2017-06-27 15:10:00,1211.6,1379.4,984.4,905.3,1232.4,1110.7,15.0,47.9
2017-06-27 16:10:00,1210.3,1360.7,961.2,902.2,1221.6,1097.7,14.9,47.3
2017-06-27 17:10:00,1180.3,1307.5,927.9,883.4,1177.8,1060.1,10.3,45.3
2017-06-27 18:10:00,1175.5,1299.7,948.2,885.1,1154.6,1057.2,10.6,46.9
2017-06-27 19:10:00,1184.3,1295.6,972.8,905.5,1162.2,1081.0,11.5,48.8
2017-06-27 20:10:00,1157.8,1260.4,975.4,889.4,1138.9,1087.9,14.0,48.4
2017-06-27 21:10:00,1113.5,1227.0,977.9,868.1,1111.9,1075.4,14.3,47.2
2017-06-27 22:10:00,1096.1,1156.6,929.6,844.9,1069.1,1062.1,13.9,45.1
2017-06-27 23:10:00,1097.2,1119.3,916.3,827.7,1020.9,1055.9,12.2,43.6
2017-06-28 00:10:00,979.5,1035.0,866.3,796.2,997.9,984.7,11.8,39.7
2017-06-28 01:10:00,951.7,976.1,802.2,768.5,970.1,953.5,12.2,38.1
2017-06-28 02:10:00,900.2,932.3,768.0,736.6,958.7,932.1,11.8,37.7
2017-06-28 03:10:00,841.9,883.3,762.6,718.0,912.1,890.6,11.8,36.6
2017-06-28 04:10:00,833.4,854.3,721.5,708.5,906.8,874.3,11.0,35.6
2017-06-28 05:10:00,798.4,843.1,707.9,696.1,900.8,845.1,10.8,33.6
2017-06-28 06:10:00,785.9,855.8,716.2,680.3,903.6,845.9,11.0,34.7
2017-06-28 07:10:00,833.4,912.1,710.3,702.3,970.2,873.6,10.8,36.6
2017-06-28 08:10:00,948.9,1102.0,908.0,808.9,1070.0,986.5,10.7,40.3
2017-06-28 09:10:00,1084.3,1230.8,946.5,870.0,1168.3,1064.6,10.9,44.7
2017-06-28 10:10:00,1102.8,1301.6,967.4,864.3,1220.6,1089.9,11.9,46.9
2017-06-28 11:10:00,1194.0,1356.9,962.7,883.5,1236.1,1118.3,14.4,48.4
2017-06-28 12:10:00,1132.9,1327.2,937.4,825.3,1201.8,1085.7,14.2,48.1
2017-06-28 13:10:00,1187.0,1385.1,1010.9,891.7,1241.2,1127.8,13.4,48.0
2017-06-28 14:10:00,1199.3,1400.0,1037.8,909.9,1245.4,1138.1,13.8,48.3
2017-06-28 15:10:00,1192.5,1392.1,1033.3,908.2,1226.9,1118.4,14.1,48.1
2017-06-28 16:10:00,1195.9,1380.0,1008.5,902.6,1216.5,1105.6,14.1,46.8
2017-06-28 17:10:00,1180.1,1328.5,944.4,871.0,1166.8,1059.3,11.7,44.3
2017-06-28 18:10:00,1170.6,1308.6,946.3,873.6,1143.2,1042.1,11.5,47.3
2017-06-28 19:10:00,1194.8,1301.3,968.0,888.6,1141.8,1075.8,11.6,50.5
2017-06-28 20:10:00,1160.0,1281.9,966.4,879.0,1149.1,1075.7,11.8,50.7
2017-06-28 21:10:00,1088.7,1230.5,960.4,854.1,1145.4,1071.6,11.6,49.9
2017-06-28 22:10:00,1058.7,1170.0,949.6,833.2,1083.9,1052.0,11.7,48.6
2017-06-28 23:10:00,1037.3,1134.1,950.9,819.4,1036.8,1036.5,11.6,46.6
2017-06-29 00:10:00,937.5,1057.7,945.4,784.5,990.1,998.3,10.8,43.2
2017-06-29 01:10:00,930.8,981.8,814.7,756.7,976.3,954.0,10.9,40.3
2017-06-29 02:10:00,860.3,929.7,767.6,730.5,970.9,910.8,10.8,38.7
2017-06-29 03:10:00,837.7,883.9,731.4,717.8,935.5,876.7,10.9,37.1
2017-06-29 04:10:00,825.9,861.4,701.4,701.0,933.1,871.6,9.7,36.2
2017-06-29 05:10:00,755.9,842.2,705.3,683.1,929.3,841.0,10.0,34.2
2017-06-29 06:10:00,782.2,856.4,677.6,690.9,943.8,830.1,9.6,35.8
2017-06-29 07:10:00,831.6,912.0,691.3,703.9,986.1,866.0,9.9,37.0
2017-06-29 08:10:00,937.7,1101.9,865.8,812.1,1114.8,972.9,9.7,41.0
2017-06-29 09:10:00,1110.4,1249.6,927.0,860.8,1167.3,1059.3,11.0,46.0
2017-06-29 10:10:00,1152.1,1305.5,944.1,863.2,1192.4,1083.6,11.4,47.7
2017-06-29 11:10:00,1187.0,1366.5,981.7,889.8,1237.2,1113.2,14.3,50.8
2017-06-29 12:10:00,1173.3,1344.2,899.8,828.8,1213.2,1073.6,10.5,50.1
2017-06-29 13:10:00,1183.0,1388.9,1020.2,894.2,1241.1,1123.2,13.4,51.4
2017-06-29 14:10:00,1211.7,1403.0,1011.9,912.2,1246.9,1118.0,13.8,51.2
2017-06-29 15:10:00,1183.3,1371.0,1007.7,906.6,1203.4,1080.3,14.2,50.7
2017-06-29 16:10:00,1172.5,1346.0,1000.5,895.8,1173.9,1069.6,13.9,49.4
2017-06-29 17:10:00,1095.1,1296.8,969.0,860.9,1163.1,1031.9,10.6,48.4
2017-06-29 18:10:00,1076.4,1274.3,965.6,866.1,1141.5,1002.5,8.5,49.2
2017-06-29 19:10:00,1094.5,1285.1,992.5,862.0,1147.8,1046.5,9.8,51.0
2017-06-29 20:10:00,1056.3,1268.2,995.4,854.6,1151.4,1038.4,9.6,51.6
2017-06-29 21:10:00,1020.2,1224.1,974.4,827.2,1118.3,1020.7,9.6,50.6
2017-06-29 22:10:00,1047.1,1159.7,938.1,805.4,1021.0,1000.2,8.0,48.8
2017-06-29 23:10:00,1061.3,1134.5,940.8,819.8,988.9,997.6,8.2,47.4
2017-06-30 00:10:00,955.7,1041.2,865.6,778.1,981.4,946.8,7.0,43.6
2017-06-30 01:10:00,905.1,982.9,810.8,751.1,972.0,919.6,6.6,41.0
2017-06-30 02:10:00,861.8,927.8,756.0,723.7,945.1,879.9,6.7,38.3
2017-06-30 03:10:00,812.2,885.2,729.5,709.3,945.3,863.1,7.3,36.7
2017-06-30 04:10:00,805.5,860.4,693.8,695.3,915.5,829.7,6.9,36.1
2017-06-30 05:10:00,748.3,827.6,694.3,677.3,904.4,815.5,7.0,33.5
2017-06-30 06:10:00,737.2,831.1,687.9,669.8,907.3,804.7,6.9,33.7
2017-06-30 07:10:00,770.9,906.9,737.8,692.4,952.7,832.3,6.7,36.5
2017-06-30 08:10:00,856.8,1087.8,914.5,803.8,1096.9,941.9,6.8,41.4
2017-06-30 09:10:00,1058.2,1221.0,934.3,870.7,1166.4,1031.2,8.2,44.2
2017-06-30 10:10:00,1092.1,1282.2,950.7,853.6,1196.8,1065.6,8.2,46.4
2017-06-30 11:10:00,1149.6,1338.6,985.2,884.8,1194.7,1068.5,9.6,47.2
2017-06-30 12:10:00,1125.6,1316.5,915.8,830.7,1186.0,1041.6,7.9,46.5
2017-06-30 13:10:00,1160.1,1357.8,1009.0,897.7,1225.8,1101.6,9.6,47.2
2017-06-30 14:10:00,1184.4,1370.6,1011.1,919.9,1252.5,1118.4,9.6,48.8
2017-06-30 15:10:00,1193.1,1335.5,956.1,915.6,1226.1,1085.5,9.6,48.4
2017-06-30 16:10:00,1169.5,1311.9,936.3,899.1,1202.9,1058.9,7.9,46.8
2017-06-30 17:10:00,1174.7,1260.6,839.5,860.5,1165.3,1020.2,7.5,45.7
2017-06-30 18:10:00,1166.1,1227.9,819.2,846.3,1114.4,987.6,7.7,45.5
2017-06-30 19:10:00,1161.9,1210.8,823.2,849.2,1126.5,1011.5,7.6,47.6
2017-06-30 20:10:00,1116.2,1215.4,829.5,846.4,1160.7,1005.1,7.7,47.3
2017-06-30 21:10:00,1067.8,1182.5,826.5,819.8,1146.7,999.4,7.7,47.0
2017-06-30 22:10:00,1071.9,1118.4,813.3,788.0,1038.7,981.3,7.6,43.9
2017-06-30 23:10:00,1055.8,1065.4,793.0,797.6,1025.6,978.2,7.5,40.9
2017-07-01 00:10:00,1030.5,1021.5,772.4,771.5,967.9,949.5,9.7,38.0
2017-07-01 01:10:00,945.7,967.6,737.3,736.6,962.1,914.2,9.6,36.2
2017-07-01 02:10:00,870.1,910.2,739.2,720.8,921.4,873.8,9.6,35.5
2017-07-01 03:10:00,846.5,878.4,728.8,706.7,881.6,846.9,9.6,34.7
2017-07-01 04:10:00,800.4,844.3,696.4,676.3,879.8,828.9,6.8,33.9
2017-07-01 05:10:00,776.1,813.0,646.6,671.5,897.2,809.4,7.3,33.4
2017-07-01 06:10:00,781.6,811.4,640.3,652.4,859.7,790.8,6.2,33.2
2017-07-01 07:10:00,827.3,839.2,640.5,659.7,865.7,807.2,6.5,33.9
2017-07-01 08:10:00,805.8,893.6,734.9,702.4,928.6,843.3,6.6,36.5
2017-07-01 09:10:00,895.0,982.2,807.0,740.8,967.2,913.0,6.8,39.9
2017-07-01 10:10:00,934.1,1047.3,833.6,763.8,1020.7,941.9,7.1,42.5
2017-07-01 11:10:00,970.7,1091.8,840.6,781.7,1087.0,989.2,8.8,44.4
2017-07-01 12:10:00,974.5,1139.3,850.8,774.7,1122.0,996.1,7.4,44.6
2017-07-01 13:10:00,999.6,1149.5,853.7,811.7,1135.3,991.0,9.5,45.9
2017-07-01 14:10:00,1017.9,1150.7,885.5,842.3,1126.8,1000.3,9.6,46.4
2017-07-01 15:10:00,990.5,1124.7,852.4,810.2,1090.4,961.8,9.5,46.1
2017-07-01 16:10:00,975.2,1092.0,865.4,806.6,1064.1,968.0,6.6,44.6
2017-07-01 17:10:00,1002.5,1075.2,830.6,790.3,1026.8,956.7,6.5,44.2
2017-07-01 18:10:00,1006.3,1086.0,834.9,765.7,983.4,933.6,6.6,45.9
2017-07-01 19:10:00,964.2,1075.5,865.4,780.6,1037.4,974.7,11.4,47.4
2017-07-01 20:10:00,1036.9,1087.4,853.3,771.6,987.7,981.0,11.6,49.5
2017-07-01 21:10:00,1030.3,1055.3,867.5,771.6,937.8,971.6,11.6,48.7
2017-07-01 22:10:00,1014.3,1029.9,859.2,765.0,922.5,965.7,11.6,47.1
2017-07-01 23:10:00,964.9,976.0,870.3,750.4,876.6,947.6,7.6,45.5
2017-07-02 00:10:00,879.0,932.3,868.0,722.7,870.6,927.4,7.5,42.8
2017-07-02 01:10:00,897.0,886.7,757.0,696.6,852.8,889.2,6.2,40.3
2017-07-02 02:10:00,869.1,838.2,665.1,671.3,858.9,851.2,6.2,38.6
2017-07-02 03:10:00,854.5,791.7,618.6,670.8,845.1,824.9,6.0,37.0
2017-07-02 04:10:00,835.2,784.4,613.5,643.0,818.8,809.6,6.0,36.5
2017-07-02 05:10:00,803.8,752.3,588.6,641.9,812.7,782.5,6.2,34.6
2017-07-02 06:10:00,819.5,762.9,567.0,611.4,796.9,780.5,6.2,34.9
2017-07-02 07:10:00,802.0,778.0,560.7,624.7,851.5,781.9,6.2,35.7
2017-07-02 08:10:00,788.9,838.0,639.3,626.1,893.5,825.6,6.1,38.1
2017-07-02 09:10:00,819.3,885.0,689.0,664.5,923.9,851.3,8.0,39.4
2017-07-02 10:10:00,859.5,954.6,785.9,696.2,930.6,891.1,7.1,41.3
2017-07-02 11:10:00,928.1,1001.7,764.4,700.1,954.0,908.6,7.4,43.5
2017-07-02 12:10:00,956.1,1042.4,774.0,725.5,997.3,921.6,7.3,45.4
2017-07-02 13:10:00,946.6,1036.0,819.8,729.8,993.6,954.9,7.4,46.7
2017-07-02 14:10:00,965.9,1060.6,830.4,750.8,989.0,934.5,7.4,46.7
2017-07-02 15:10:00,954.1,1035.9,818.1,739.2,958.1,917.3,7.6,45.5
2017-07-02 16:10:00,931.6,1015.5,811.2,733.4,932.8,890.9,7.4,43.2
2017-07-02 17:10:00,911.2,1017.0,830.2,729.1,932.6,891.9,7.4,43.4
2017-07-02 18:10:00,923.3,1035.4,838.2,742.1,936.9,885.2,9.4,45.0
2017-07-02 19:10:00,958.1,1079.0,866.4,740.1,959.7,927.7,9.5,46.7
2017-07-02 20:10:00,956.0,1090.2,887.5,744.5,956.3,927.6,9.4,46.9
2017-07-02 21:10:00,948.8,1085.2,911.9,753.6,944.8,925.6,7.6,48.7
2017-07-02 22:10:00,940.8,1046.4,870.0,751.5,943.3,917.5,7.5,46.1
2017-07-02 23:10:00,877.2,995.9,864.6,722.5,906.1,892.3,7.5,44.8
2017-07-03 00:10:00,865.5,948.7,774.9,684.8,896.7,868.9,7.6,42.2
2017-07-03 01:10:00,858.4,888.2,673.2,664.3,895.9,843.2,7.2,39.0
2017-07-03 02:10:00,840.2,850.2,620.5,633.3,870.2,817.0,7.2,37.7
2017-07-03 03:10:00,796.0,804.2,612.2,605.1,847.4,817.3,7.3,36.3
2017-07-03 04:10:00,768.3,781.8,573.2,590.7,858.1,799.2,7.1,34.9
2017-07-03 05:10:00,741.3,761.2,556.1,600.4,863.1,771.3,7.1,34.8
2017-07-03 06:10:00,736.7,767.8,549.9,611.3,892.2,772.7,7.1,34.0
2017-07-03 07:10:00,752.5,855.7,595.3,644.0,989.7,808.9,7.1,36.1
2017-07-03 08:10:00,873.2,1015.1,783.0,740.9,1037.4,905.6,6.9,38.9
2017-07-03 09:10:00,1070.7,1232.9,890.6,868.1,1198.7,1020.9,7.1,45.2
2017-07-03 10:10:00,1119.6,1285.2,921.0,865.1,1186.5,1036.4,6.9,47.3
2017-07-03 11:10:00,1160.2,1344.6,940.5,884.0,1260.6,1090.9,7.0,48.8
2017-07-03 12:10:00,1129.4,1318.6,867.4,829.9,1252.8,1059.2,7.1,48.9
2017-07-03 13:10:00,1177.4,1372.5,982.5,895.4,1259.2,1112.9,11.4,49.7
2017-07-03 14:10:00,1195.4,1367.1,990.4,916.3,1267.4,1131.1,11.3,49.9
2017-07-03 15:10:00,1170.0,1295.5,936.8,907.8,1239.7,1105.9,11.5,48.7
2017-07-03 16:10:00,1177.4,1282.7,916.3,902.7,1220.7,1092.9,11.5,47.6
2017-07-03 17:10:00,1126.1,1259.7,911.6,855.6,1171.7,1055.2,7.6,46.5
2017-07-03 18:10:00,1115.9,1244.0,909.9,852.7,1120.6,1009.5,7.5,47.6
2017-07-03 19:10:00,1124.6,1240.9,941.7,862.0,1119.4,1040.8,7.3,49.2
2017-07-03 20:10:00,1077.3,1229.0,958.9,850.0,1129.5,1044.5,7.4,49.6
2017-07-03 21:10:00,1072.0,1194.5,946.2,819.5,1072.1,1035.1,7.3,48.6
2017-07-03 22:10:00,1040.1,1136.8,936.7,795.4,999.3,1004.4,5.7,45.2
2017-07-03 23:10:00,1007.5,1086.2,926.8,799.2,1000.2,1010.5,5.9,44.6
2017-07-04 00:10:00,859.5,1003.2,907.6,762.4,999.3,965.9,6.0,40.8
2017-07-04 01:10:00,878.0,951.7,802.4,728.7,958.8,926.3,6.1,38.6
2017-07-04 02:10:00,840.1,896.7,745.4,712.4,946.0,892.0,5.9,36.3
2017-07-04 03:10:00,793.1,869.3,721.5,682.0,937.2,870.6,5.7,35.5
2017-07-04 04:10:00,765.0,839.0,718.4,680.5,904.1,838.7,5.7,34.9
2017-07-04 05:10:00,741.1,819.2,702.3,665.5,901.0,831.4,6.0,34.1
2017-07-04 06:10:00,736.7,827.4,696.2,664.2,917.4,830.4,5.9,34.2
2017-07-04 07:10:00,822.5,902.6,696.5,704.9,978.7,860.5,5.7,35.5
2017-07-04 08:10:00,926.2,1104.1,847.6,812.5,1138.8,961.3,5.7,40.4
2017-07-04 09:10:00,1102.5,1242.8,932.0,870.8,1164.5,1047.5,5.9,43.8
2017-07-04 10:10:00,1151.5,1300.7,949.9,878.3,1184.8,1068.5,7.4,46.0
2017-07-04 11:10:00,1163.7,1355.3,1010.7,908.4,1227.4,1097.8,7.6,48.0
2017-07-04 12:10:00,1144.3,1328.4,927.3,856.9,1198.5,1042.5,5.2,47.4
2017-07-04 13:10:00,1171.4,1377.4,1023.0,911.2,1206.5,1073.5,10.5,49.3
2017-07-04 14:10:00,1195.2,1400.1,1031.2,922.7,1212.2,1076.7,10.5,49.6
2017-07-04 15:10:00,1201.4,1361.8,975.4,917.4,1197.8,1058.3,10.9,47.9
2017-07-04 16:10:00,1178.1,1330.6,980.3,888.6,1142.5,1045.5,10.8,47.0
2017-07-04 17:10:00,1117.6,1284.2,952.3,846.3,1121.1,1022.4,8.3,46.4
2017-07-04 18:10:00,1080.8,1244.5,943.3,852.2,1115.6,1003.9,8.3,47.6
2017-07-04 19:10:00,1079.4,1242.5,945.0,844.3,1122.7,1020.6,8.2,48.0
2017-07-04 20:10:00,1045.5,1210.4,933.3,841.3,1135.5,1022.4,8.3,48.6
2017-07-04 21:10:00,1025.5,1173.6,935.6,815.2,1064.3,999.1,8.4,46.0
2017-07-04 22:10:00,1006.2,1107.7,922.1,778.1,978.1,984.4,8.8,44.9
2017-07-04 23:10:00,992.5,1070.4,908.3,780.4,958.6,975.8,10.6,43.5
2017-07-05 00:10:00,955.8,994.4,797.1,740.5,943.7,933.1,11.3,39.9
2017-07-05 01:10:00,856.9,938.6,788.8,723.7,933.5,890.8,11.5,37.6
2017-07-05 02:10:00,830.5,894.4,725.1,688.2,919.7,868.7,11.4,35.3
2017-07-05 03:10:00,778.0,845.5,700.1,663.8,889.1,834.7,11.1,34.4
2017-07-05 04:10:00,751.4,837.2,698.3,652.0,882.4,818.0,9.5,34.3
2017-07-05 05:10:00,719.1,820.9,686.8,663.1,896.6,794.2,9.4,33.7
2017-07-05 06:10:00,706.8,837.2,712.9,657.0,896.9,799.2,10.0,33.2
2017-07-05 07:10:00,785.6,896.8,741.2,678.4,916.4,841.8,9.4,35.7
2017-07-05 08:10:00,903.4,1072.5,910.6,794.9,1042.0,958.3,9.6,39.9
2017-07-05 09:10:00,1074.8,1226.8,926.6,845.2,1136.7,1032.2,9.6,43.6
2017-07-05 10:10:00,1085.9,1286.7,943.3,865.3,1184.4,1025.8,8.9,44.7
2017-07-05 11:10:00,1115.1,1356.0,1013.4,890.1,1239.1,1087.4,13.7,47.7
2017-07-05 12:10:00,1089.6,1340.0,959.8,834.8,1212.1,1049.1,9.8,47.5
2017-07-05 13:10:00,1149.8,1379.3,1029.7,891.1,1231.5,1105.9,14.0,48.7
2017-07-05 14:10:00,1191.8,1392.8,1029.4,908.8,1233.2,1117.5,14.2,49.5
2017-07-05 15:10:00,1187.4,1364.2,999.2,899.7,1207.0,1092.6,11.9,48.9
2017-07-05 16:10:00,1187.0,1339.0,968.3,891.9,1190.5,1076.3,9.3,47.9
2017-07-05 17:10:00,1117.2,1289.8,964.1,856.9,1148.6,1046.2,9.3,46.3
2017-07-05 18:10:00,1093.1,1254.9,950.8,862.1,1128.3,1017.7,8.9,46.6
2017-07-05 19:10:00,1102.8,1278.6,986.9,874.7,1155.4,1051.6,9.1,49.3
2017-07-05 20:10:00,1069.2,1248.3,981.0,862.6,1149.9,1048.5,9.1,49.6
2017-07-05 21:10:00,1035.6,1226.1,969.3,838.9,1150.7,1050.6,9.3,49.3
2017-07-05 22:10:00,1025.6,1165.9,983.7,828.3,1054.2,1032.2,9.5,46.6
2017-07-05 23:10:00,1002.5,1117.7,964.1,806.7,1017.9,1024.7,9.3,44.8
2017-07-06 00:10:00,982.3,1040.0,843.6,780.1,999.6,974.5,9.2,40.2
2017-07-06 01:10:00,926.0,976.6,803.5,766.8,975.8,932.0,9.2,39.0
2017-07-06 02:10:00,870.1,940.1,770.6,738.2,957.0,890.5,8.7,37.8
2017-07-06 03:10:00,859.5,885.6,716.4,718.5,928.7,872.5,8.6,36.4
2017-07-06 04:10:00,861.8,869.5,695.8,695.5,906.5,872.0,8.7,35.7
2017-07-06 05:10:00,821.9,852.8,691.1,683.8,883.0,833.4,8.5,34.5
2017-07-06 06:10:00,820.4,862.5,690.8,672.6,878.2,828.5,8.5,34.3
2017-07-06 07:10:00,848.2,930.7,722.4,715.3,960.7,858.2,8.6,35.6
2017-07-06 08:10:00,932.7,1114.6,914.4,829.3,1101.4,972.5,8.4,40.5
2017-07-06 09:10:00,1106.6,1248.3,954.9,883.6,1172.1,1066.9,8.5,43.3
2017-07-06 10:10:00,1144.5,1307.8,960.4,868.4,1201.6,1093.3,8.5,45.4
2017-07-06 11:10:00,1189.5,1371.2,992.0,902.3,1249.6,1119.7,9.6,47.5
2017-07-06 12:10:00,1141.8,1346.8,936.0,847.9,1224.5,1069.5,9.2,47.4
2017-07-06 13:10:00,1188.0,1392.0,1024.8,895.2,1224.0,1111.3,11.9,50.3
2017-07-06 14:10:00,1209.9,1410.8,1044.8,910.4,1232.1,1130.6,14.1,49.2
2017-07-06 15:10:00,1205.2,1391.1,1002.8,897.3,1195.4,1082.3,14.2,46.7
2017-07-06 16:10:00,1212.5,1324.8,948.0,902.3,1193.6,1091.9,11.7,46.7
2017-07-06 17:10:00,1148.7,1290.5,956.2,860.7,1131.9,1048.5,8.1,45.1
2017-07-06 18:10:00,1097.3,1270.2,940.1,879.9,1156.4,1005.2,8.2,46.6
2017-07-06 19:10:00,1103.8,1282.0,964.2,881.6,1163.4,1027.6,8.2,48.6
2017-07-06 20:10:00,1072.9,1265.7,967.9,861.1,1148.2,1020.7,8.0,49.4
2017-07-06 21:10:00,1029.2,1232.1,950.7,824.0,1122.1,1004.8,8.0,49.2
2017-07-06 22:10:00,995.9,1174.6,956.6,802.0,1043.2,980.3,8.2,46.8
2017-07-06 23:10:00,976.4,1132.7,943.5,789.9,1015.6,976.7,8.1,44.3
2017-07-07 00:10:00,927.5,1053.8,829.6,759.1,1026.0,936.9,8.2,41.5
2017-07-07 01:10:00,848.1,998.0,792.5,727.3,1021.2,907.5,10.1,39.1
2017-07-07 02:10:00,782.4,932.5,743.6,699.3,1007.2,871.7,8.2,37.8
2017-07-07 03:10:00,728.6,899.5,741.1,693.8,986.5,834.0,8.2,37.1
2017-07-07 04:10:00,727.9,861.6,717.7,677.0,957.5,837.2,8.4,35.8
2017-07-07 05:10:00,724.2,864.9,683.0,656.2,961.0,819.4,8.2,35.9
2017-07-07 06:10:00,721.3,857.4,694.4,674.9,958.4,816.2,8.4,33.9
2017-07-07 07:10:00,769.3,915.9,694.8,689.6,1020.4,852.0,8.4,35.3
2017-07-07 08:10:00,880.3,1083.4,844.9,803.1,1147.2,956.4,9.1,38.8
2017-07-07 09:10:00,1031.0,1206.7,928.8,860.4,1169.2,1029.9,8.9,40.9
2017-07-07 10:10:00,1042.6,1278.5,955.2,846.0,1227.4,1066.4,7.7,41.9
2017-07-07 11:10:00,1109.6,1324.2,981.3,879.6,1239.4,1089.7,7.7,44.5
2017-07-07 12:10:00,1125.4,1314.7,904.5,840.5,1226.2,1066.3,8.1,42.8
2017-07-07 13:10:00,1136.7,1360.9,1011.6,891.9,1246.6,1111.4,12.0,42.8
2017-07-07 14:10:00,1139.0,1367.1,1030.5,887.8,1232.8,1115.8,11.8,43.5
2017-07-07 15:10:00,1145.8,1359.7,982.4,865.5,1205.8,1076.9,11.9,43.8
2017-07-07 16:10:00,1137.5,1324.9,957.8,862.8,1180.4,1056.4,11.4,43.1
2017-07-07 17:10:00,1028.4,1247.8,947.1,827.2,1172.8,1037.5,7.8,43.7
2017-07-07 18:10:00,981.3,1206.4,954.4,834.3,1158.4,1016.3,7.8,44.9
2017-07-07 19:10:00,973.3,1184.5,944.8,829.0,1159.8,1023.8,7.6,48.2
2017-07-07 20:10:00,945.5,1162.7,941.0,811.7,1138.3,1009.5,7.7,48.5
2017-07-07 21:10:00,932.6,1137.4,942.3,791.5,1095.7,1003.3,7.8,46.4
2017-07-07 22:10:00,897.5,1078.9,941.1,766.5,1034.8,990.5,7.7,45.3
2017-07-07 23:10:00,864.1,1042.1,939.3,773.3,1008.4,961.4,7.9,43.0
2017-07-08 00:10:00,832.8,972.4,823.1,729.4,1022.1,942.5,6.6,40.3
2017-07-08 01:10:00,827.4,916.7,763.9,719.1,974.4,898.1,6.7,38.6
2017-07-08 02:10:00,773.5,871.2,746.0,710.2,960.1,868.1,6.5,36.7
2017-07-08 03:10:00,779.1,848.3,708.8,678.5,916.5,848.4,6.5,35.7
2017-07-08 04:10:00,767.9,823.0,682.0,671.5,902.2,828.6,6.8,35.7
2017-07-08 05:10:00,751.0,807.3,661.9,663.3,909.4,823.7,6.6,34.7
2017-07-08 06:10:00,723.4,806.6,644.8,648.3,894.4,780.4,6.4,33.6
2017-07-08 07:10:00,769.4,825.7,643.2,662.5,897.0,793.1,6.4,34.6
2017-07-08 08:10:00,732.4,866.1,705.4,689.7,978.8,830.8,6.3,36.4
2017-07-08 09:10:00,747.1,950.1,875.4,724.4,990.0,905.9,7.7,39.8
2017-07-08 10:10:00,801.9,1022.1,910.7,755.3,1040.1,942.4,8.3,41.1
2017-07-08 11:10:00,870.3,1066.2,915.3,770.4,1057.0,973.0,11.3,44.3
2017-07-08 12:10:00,883.3,1108.6,924.3,780.6,1088.4,972.9,11.3,45.1
2017-07-08 13:10:00,899.0,1140.2,960.4,798.5,1128.0,1012.5,11.5,47.5
2017-07-08 14:10:00,896.1,1132.0,927.0,803.6,1141.7,994.4,11.3,45.9
2017-07-08 16:10:00,831.5,1091.7,943.0,795.9,1111.4,959.4,7.7,46.7
2017-07-08 17:10:00,860.7,1081.0,913.6,764.4,1053.9,944.5,7.7,46.0
2017-07-08 18:10:00,851.5,1079.4,892.1,733.5,1051.8,944.1,7.8,46.1
2017-07-08 19:10:00,884.1,1098.8,916.5,763.2,1063.9,960.1,7.7,50.2
2017-07-08 20:10:00,888.2,1087.0,888.5,760.9,1060.5,948.4,8.6,49.4
2017-07-08 21:10:00,885.7,1066.1,894.3,753.8,1028.3,947.7,8.8,49.5
2017-07-08 22:10:00,883.3,1013.2,860.6,746.7,999.5,944.3,8.9,48.0
2017-07-08 23:10:00,873.7,1000.2,852.4,731.6,978.2,934.1,8.6,47.0
2017-07-09 00:10:00,745.5,928.1,847.3,710.8,971.6,891.8,9.0,42.8
2017-07-09 01:10:00,723.3,890.3,793.2,681.8,948.6,860.8,8.8,41.1
2017-07-09 02:10:00,722.0,853.5,706.6,652.7,943.6,834.8,8.6,39.7
2017-07-09 03:10:00,707.0,807.1,656.7,661.9,947.0,812.8,8.8,37.7
2017-07-09 04:10:00,691.2,779.5,664.1,654.4,914.8,808.6,8.7,36.4
2017-07-09 05:10:00,659.7,775.2,665.2,622.9,900.5,799.6,8.6,36.4
2017-07-09 06:10:00,657.8,762.6,605.9,604.7,913.5,782.8,8.7,35.7
2017-07-09 07:10:00,669.7,786.6,613.2,632.1,932.8,769.7,8.3,35.6
2017-07-09 08:10:00,692.6,815.2,651.5,619.0,926.0,805.8,7.5,37.7
2017-07-09 09:10:00,711.1,873.6,726.8,650.7,962.0,843.1,7.9,40.4
2017-07-09 10:10:00,722.5,946.5,810.3,674.6,990.4,867.5,7.8,42.4
2017-07-09 11:10:00,784.5,997.7,848.0,698.1,986.3,890.1,10.6,43.5
2017-07-09 12:10:00,818.1,1030.4,906.5,701.6,973.4,932.7,11.5,44.8
2017-07-09 13:10:00,817.5,1057.5,916.9,711.3,997.9,930.3,11.4,44.5
2017-07-09 14:10:00,834.5,1051.9,917.6,729.3,987.2,923.7,11.5,45.8
2017-07-09 15:10:00,824.0,1038.0,910.0,736.1,990.6,911.4,7.5,46.6
2017-07-09 16:10:00,843.8,1025.6,886.9,730.3,965.1,901.9,7.4,45.5
2017-07-09 17:10:00,856.2,1028.6,879.0,725.7,951.1,893.3,7.4,46.0
2017-07-09 18:10:00,898.7,1040.4,907.1,736.2,922.6,913.3,7.4,45.9
2017-07-09 19:10:00,900.8,1073.3,937.7,762.3,965.7,927.0,7.4,48.9
2017-07-09 20:10:00,935.5,1092.0,950.4,778.5,972.3,950.5,11.8,49.1
2017-07-09 21:10:00,933.0,1094.7,942.3,766.6,979.3,956.1,11.2,48.4
2017-07-09 22:10:00,881.3,1059.8,964.0,765.9,975.6,955.7,7.9,47.4
2017-07-09 23:10:00,834.0,1015.7,950.2,737.8,953.0,945.4,8.0,46.3
2017-07-10 00:10:00,834.9,949.0,831.4,723.6,946.5,904.4,7.7,43.5
2017-07-10 01:10:00,807.6,892.5,727.9,705.2,956.3,861.1,7.9,40.8
2017-07-10 02:10:00,803.4,852.9,648.7,667.2,939.9,840.7,7.8,39.0
2017-07-10 03:10:00,787.7,812.3,638.6,670.1,902.2,815.2,7.6,38.6
2017-07-10 04:10:00,760.1,794.8,618.6,655.4,901.8,801.7,7.9,36.6
2017-07-10 05:10:00,757.0,779.4,593.4,639.1,879.1,782.5,8.0,36.5
2017-07-10 06:10:00,751.5,781.0,597.0,629.7,886.4,795.9,7.6,35.8
2017-07-10 07:10:00,813.8,868.9,618.3,681.7,961.6,813.5,7.5,37.3
2017-07-11 09:10:00,1137.8,1276.2,913.9,872.8,1194.9,1058.6,7.4,46.4
2017-07-11 10:10:00,1149.6,1328.0,922.4,867.9,1241.4,1076.8,7.4,48.1
2017-07-11 11:10:00,1182.2,1384.3,1026.4,894.3,1238.4,1127.5,8.7,49.7
2017-07-11 12:10:00,1162.0,1360.8,919.8,842.2,1243.0,1079.8,7.6,49.5
2017-07-11 13:10:00,1185.4,1386.7,1030.2,904.9,1247.6,1131.3,11.0,51.1
2017-07-11 14:10:00,1196.4,1382.6,1027.7,923.6,1260.0,1138.2,11.0,50.6
2017-07-11 15:10:00,1199.1,1346.0,971.1,909.1,1242.3,1118.0,11.0,50.3
2017-07-11 16:10:00,1190.9,1314.1,971.6,906.6,1218.9,1119.4,8.1,49.5
2017-07-11 17:10:00,1145.0,1271.1,925.6,862.4,1179.3,1076.7,7.2,47.0
2017-07-11 18:10:00,1089.9,1242.1,938.3,859.2,1164.4,1051.4,7.2,47.1
2017-07-11 19:10:00,1125.3,1260.2,970.7,888.3,1159.0,1063.6,7.2,50.2
2017-07-11 20:10:00,1169.1,1244.4,908.1,872.5,1141.0,1059.6,7.5,49.2
2017-07-11 21:10:00,1130.6,1196.2,887.6,847.2,1126.6,1059.5,7.4,49.3
2017-07-11 22:10:00,1100.9,1146.2,857.5,830.6,1088.2,1029.2,7.3,47.9
2017-07-11 23:10:00,1101.3,1112.2,870.5,841.9,1048.5,1026.4,7.3,47.1
2017-07-12 00:10:00,1084.4,1034.6,772.7,799.6,996.1,983.2,7.1,43.1
2017-07-12 01:10:00,997.5,980.9,767.8,778.7,976.6,949.9,7.5,40.0
2017-07-12 02:10:00,882.6,919.7,734.6,735.1,978.5,909.2,7.1,38.7
2017-07-12 03:10:00,862.7,893.8,688.2,726.7,973.9,873.6,6.8,37.5
2017-07-12 04:10:00,853.2,856.7,656.2,710.5,952.5,864.6,7.0,37.1
2017-07-12 05:10:00,841.0,853.3,606.1,687.1,957.2,834.6,6.9,36.2
2017-07-12 06:10:00,819.3,854.3,609.0,677.7,961.6,829.4,7.0,35.6
2017-07-12 07:10:00,862.7,909.3,615.3,696.8,1013.6,857.0,6.9,35.4
2017-07-12 08:10:00,972.0,1122.5,869.2,835.8,1141.8,989.9,6.9,41.8
2017-07-12 09:10:00,1149.3,1259.0,916.9,893.2,1196.8,1072.7,7.6,45.6
2017-07-12 10:10:00,1176.5,1318.8,958.6,877.3,1201.7,1100.9,7.5,47.2
2017-07-12 11:10:00,1198.2,1382.3,1027.6,901.0,1230.6,1132.8,8.8,49.1
2017-07-12 12:10:00,1130.9,1354.3,952.9,842.8,1240.5,1084.4,7.6,50.5
2017-07-12 13:10:00,1189.0,1386.6,1033.5,904.2,1239.0,1133.1,12.9,50.5
2017-07-12 14:10:00,1205.7,1399.0,1057.7,908.4,1234.5,1151.3,10.8,50.0
2017-07-12 15:10:00,1192.3,1361.3,1021.4,903.3,1211.2,1121.7,10.7,49.3
2017-07-12 16:10:00,1195.3,1361.2,1017.8,897.0,1198.2,1115.0,10.8,49.0
2017-07-12 17:10:00,1177.1,1319.5,939.1,854.9,1174.5,1080.3,10.8,46.7
2017-07-12 18:10:00,1172.9,1310.3,930.6,875.0,1137.2,1016.9,7.8,46.2
2017-07-12 19:10:00,1176.7,1315.5,972.3,887.0,1131.7,1035.9,7.9,50.0
2017-07-12 20:10:00,1173.5,1298.6,936.1,876.1,1134.2,1026.7,7.8,50.3
2017-07-12 21:10:00,1151.9,1262.3,894.8,853.8,1134.5,1022.5,7.7,50.3
2017-07-12 22:10:00,1117.0,1199.9,893.5,826.3,1075.0,1019.2,8.0,48.2
2017-07-12 23:10:00,1122.3,1154.4,892.5,823.7,1015.9,1013.7,7.9,46.7
2017-07-13 00:10:00,1074.6,1078.8,786.3,789.4,1009.8,965.7,6.9,43.8
2017-07-13 01:10:00,1006.5,1019.2,780.2,751.9,949.8,931.2,6.9,41.1
2017-07-13 02:10:00,872.8,935.0,768.5,730.2,948.7,892.6,6.9,39.1
2017-07-13 03:10:00,866.9,924.7,723.0,712.2,947.2,869.4,6.7,37.5
2017-07-13 04:10:00,848.7,884.1,669.5,694.0,946.7,857.5,6.7,35.9
2017-07-13 05:10:00,832.4,864.2,625.2,682.0,952.3,835.1,6.8,35.4
2017-07-13 06:10:00,820.0,864.4,617.4,666.6,945.5,824.2,6.8,34.5
2017-07-13 07:10:00,865.4,906.5,615.7,685.5,986.5,847.1,6.9,35.4
2017-07-13 08:10:00,945.7,1122.1,858.5,805.5,1136.6,978.9,6.9,41.2
2017-07-13 09:10:00,1125.2,1272.0,907.0,864.7,1192.5,1049.8,6.7,44.8
2017-07-13 10:10:00,1131.8,1317.6,950.1,877.4,1235.3,1080.9,6.6,47.9
2017-07-13 11:10:00,1164.5,1377.4,1010.9,908.6,1268.4,1115.8,7.8,49.8
2017-07-13 12:10:00,1160.5,1350.7,913.6,866.9,1259.9,1075.7,6.9,47.7
2017-07-13 13:10:00,1165.4,1406.4,1051.5,918.2,1275.5,1128.2,10.3,49.9
2017-07-13 14:10:00,1177.8,1418.2,1054.3,934.6,1290.5,1129.6,10.2,50.5
2017-07-13 15:10:00,1183.0,1402.4,1022.0,927.1,1287.5,1124.4,10.3,48.9
2017-07-13 16:10:00,1178.6,1385.3,1014.1,928.8,1255.5,1093.5,7.5,48.1
2017-07-13 17:10:00,1154.2,1330.7,945.7,887.4,1223.0,1066.2,7.3,46.0
2017-07-13 18:10:00,1137.9,1309.7,950.0,902.8,1213.4,1050.2,7.6,46.2
2017-07-13 19:10:00,1137.2,1328.7,1005.3,924.1,1211.1,1056.6,5.9,50.0
2017-07-13 20:10:00,1161.5,1304.3,933.0,902.2,1218.7,1065.1,9.0,50.5
2017-07-13 21:10:00,1121.0,1268.9,912.0,882.6,1193.0,1033.0,9.2,50.6
2017-07-13 22:10:00,1089.7,1207.0,913.5,856.5,1133.9,1033.9,9.2,48.8
2017-07-13 23:10:00,1087.9,1176.3,888.2,846.4,1111.2,1022.2,5.9,48.3
2017-07-14 00:10:00,1035.9,1088.2,817.8,808.1,1066.8,986.3,6.4,44.3
2017-07-14 01:10:00,994.9,1036.9,767.7,776.6,1029.1,942.4,6.3,42.1
2017-07-14 02:10:00,910.5,969.1,710.6,747.6,1038.3,909.5,6.5,39.8
2017-07-14 03:10:00,884.5,942.8,673.6,733.3,1032.9,882.7,6.5,38.6
2017-07-14 04:10:00,866.9,900.9,630.2,712.6,1011.4,863.7,6.3,37.6
2017-07-14 05:10:00,839.1,887.1,613.2,707.7,1018.0,845.6,6.4,36.3
2017-07-14 06:10:00,821.3,876.5,604.8,686.1,1000.9,835.2,6.2,35.4
2017-07-14 07:10:00,823.0,924.6,607.3,700.9,1073.4,848.1,6.3,36.4
2017-07-14 08:10:00,943.9,1073.4,749.3,787.1,1142.2,941.7,6.3,39.4
2017-07-14 09:10:00,1116.5,1274.7,921.4,886.6,1226.7,1064.5,5.9,44.8
2017-07-14 10:10:00,1119.8,1319.4,962.4,887.5,1240.5,1076.0,7.5,47.5
2017-07-14 11:10:00,1165.2,1379.5,1015.2,913.8,1268.5,1114.4,7.5,48.7
2017-07-14 12:10:00,1138.5,1356.3,938.8,859.4,1261.1,1079.3,6.7,50.0
2017-07-14 13:10:00,1169.1,1398.2,1032.6,920.2,1271.7,1114.5,10.2,50.9
2017-07-14 14:10:00,1179.8,1404.7,1032.7,936.4,1277.0,1108.7,10.6,50.2
2017-07-14 15:10:00,1180.8,1388.1,1023.8,926.9,1238.4,1088.3,10.6,50.3
2017-07-14 16:10:00,1172.2,1364.0,1015.8,923.5,1211.0,1073.2,10.6,49.0
2017-07-14 17:10:00,1163.3,1303.0,928.0,879.2,1165.2,1033.7,6.6,47.2
2017-07-14 18:10:00,1153.8,1273.9,912.4,869.1,1139.1,1021.1,6.5,47.7
2017-07-14 19:10:00,1166.5,1284.0,922.2,884.2,1171.1,1048.4,6.7,50.0
2017-07-14 20:10:00,1157.7,1268.4,908.7,873.5,1168.4,1049.0,6.6,50.5
2017-07-14 21:10:00,1125.4,1225.7,903.7,849.4,1127.0,1037.6,6.6,50.0
2017-07-14 22:10:00,1100.9,1178.5,888.8,821.1,1075.3,1024.1,6.8,48.1
2017-07-14 23:10:00,1095.5,1152.9,882.6,816.3,1045.9,1014.0,6.7,47.6
2017-07-15 00:10:00,1022.8,1093.3,869.1,779.2,1007.7,988.9,6.9,45.1
2017-07-15 01:10:00,909.0,1021.8,851.9,760.3,999.6,942.8,6.7,42.3
2017-07-15 02:10:00,888.7,965.6,737.9,720.3,1003.1,910.5,6.8,40.1
2017-07-15 03:10:00,856.0,928.4,691.6,714.2,1000.8,873.8,6.6,38.7
2017-07-15 04:10:00,844.0,899.7,639.3,692.8,1006.4,866.2,6.7,37.8
2017-07-15 05:10:00,845.0,874.0,613.3,692.3,971.6,833.9,6.9,36.4
2017-07-15 06:10:00,823.3,863.9,602.0,669.0,951.6,816.1,6.8,34.6
2017-07-15 07:10:00,810.3,873.2,614.4,673.1,984.8,834.9,6.9,35.2
2017-07-15 08:10:00,807.9,941.9,712.8,710.3,1026.9,863.6,6.7,38.5
2017-07-15 09:10:00,882.1,1019.7,797.9,768.8,1069.9,925.7,6.8,42.6
2017-07-15 10:10:00,950.9,1087.7,858.3,777.9,1061.3,967.1,6.2,44.0
2017-07-15 11:10:00,974.9,1142.5,890.7,802.1,1104.1,986.1,6.4,45.4
2017-07-15 12:10:00,976.1,1154.5,872.3,789.1,1146.7,1012.3,7.3,46.5
2017-07-15 13:10:00,998.2,1186.7,911.7,812.0,1148.8,1018.3,6.9,48.6
2017-07-15 14:10:00,1016.3,1190.2,939.2,818.4,1100.3,1007.0,8.4,48.6
2017-07-15 15:10:00,981.1,1173.4,937.9,827.3,1098.2,977.9,8.5,47.0
2017-07-15 16:10:00,963.2,1160.9,928.3,818.7,1081.7,954.0,7.2,46.9
2017-07-15 17:10:00,975.8,1138.8,886.7,775.1,1028.9,937.6,6.8,46.5
2017-07-15 18:10:00,956.0,1126.9,885.4,780.2,1039.0,934.2,7.1,46.2
2017-07-15 19:10:00,980.1,1148.0,907.2,810.9,1069.2,955.9,6.8,48.5
2017-07-15 20:10:00,1002.2,1158.3,927.3,822.3,1064.4,972.2,7.1,48.2
2017-07-15 21:10:00,1004.1,1148.3,932.5,820.9,1053.1,978.3,7.1,49.3
2017-07-15 22:10:00,998.9,1135.3,933.6,795.4,1004.2,965.0,7.0,48.1
2017-07-15 23:10:00,1004.4,1102.2,877.9,782.3,1002.2,960.7,7.0,46.3
2017-07-16 00:10:00,980.4,1038.3,802.9,764.5,973.3,915.2,6.2,44.8
2017-07-16 01:10:00,943.9,990.9,726.1,728.0,977.9,893.3,6.2,41.9
2017-07-16 02:10:00,860.0,930.3,716.8,706.7,948.1,854.3,6.4,40.1
2017-07-16 03:10:00,834.7,895.8,662.6,686.3,947.5,830.7,6.5,38.5
2017-07-16 04:10:00,808.3,855.7,634.4,670.8,925.8,810.4,6.1,37.6
2017-07-16 05:10:00,791.5,832.1,610.2,658.8,918.9,799.4,6.4,36.6
2017-07-16 06:10:00,772.5,809.3,604.9,639.6,894.6,794.3,6.3,35.2
2017-07-16 07:10:00,784.7,831.1,603.5,630.1,911.5,808.5,6.3,36.3
2017-07-16 08:10:00,779.3,880.0,666.3,649.8,938.1,822.2,6.1,37.8
2017-07-16 09:10:00,763.4,949.0,809.2,669.2,943.9,864.0,6.0,40.3
2017-07-16 10:10:00,811.2,1009.1,838.6,690.3,964.9,879.1,6.3,42.5
2017-07-16 11:10:00,882.0,1057.8,846.3,708.3,976.3,901.0,6.2,43.7
2017-07-16 12:10:00,893.9,1087.7,844.1,724.9,1024.0,911.1,6.8,45.0
2017-07-16 13:10:00,932.4,1121.0,850.5,735.1,1042.4,929.6,6.6,46.3
2017-07-16 14:10:00,919.3,1114.0,845.4,731.9,1034.2,914.4,6.6,45.1
2017-07-16 15:10:00,831.8,1092.6,911.6,732.0,1012.3,893.8,7.4,44.6
2017-07-16 16:10:00,889.1,1097.0,864.4,732.4,1018.3,907.7,7.4,42.1
2017-07-16 17:10:00,882.7,1093.3,856.6,732.5,1009.4,886.2,6.8,43.6
2017-07-16 18:10:00,909.5,1082.9,844.5,723.8,984.8,897.9,10.1,44.3
2017-07-16 19:10:00,983.4,1120.8,866.5,758.4,989.8,926.5,10.2,44.2
2017-07-16 20:10:00,1002.5,1127.2,861.6,751.9,971.6,923.1,10.1,43.6
2017-07-16 21:10:00,983.7,1141.8,884.1,760.7,991.3,924.3,10.1,42.4
2017-07-16 22:10:00,986.0,1124.5,860.7,755.5,1000.0,936.3,10.2,40.6
2017-07-16 23:10:00,978.4,1083.9,808.9,732.4,965.6,904.2,6.2,38.7
2017-07-17 00:10:00,971.3,1024.0,711.0,709.9,960.2,878.0,6.1,36.6
2017-07-17 01:10:00,861.7,957.7,688.2,694.3,978.2,848.2,6.4,34.4
2017-07-17 02:10:00,801.8,915.7,694.8,668.3,951.1,837.4,6.4,32.7
2017-07-17 03:10:00,777.0,864.1,661.9,653.4,915.2,810.6,6.1,32.2
2017-07-17 04:10:00,765.6,832.1,613.3,646.8,901.4,775.9,6.2,31.7
2017-07-17 05:10:00,758.6,829.0,591.4,632.0,922.1,785.1,6.3,32.4
2017-07-17 06:10:00,752.4,830.5,586.0,618.9,914.9,777.2,5.9,32.5
2017-07-17 07:10:00,760.2,876.2,606.2,634.7,978.5,807.7,6.3,32.6
2017-07-17 08:10:00,910.7,1087.7,850.0,794.2,1075.7,924.8,7.2,36.8
2017-07-17 09:10:00,1040.6,1244.5,967.3,843.2,1114.9,1002.2,7.1,40.0
2017-07-17 10:10:00,1103.7,1302.8,972.8,858.0,1138.8,1019.5,7.1,42.0
2017-07-17 11:10:00,1119.2,1361.1,1004.5,878.4,1205.7,1055.2,8.9,43.6
2017-07-17 12:10:00,1142.5,1338.5,922.4,824.3,1164.2,1033.2,7.9,40.9
2017-07-17 13:10:00,1138.4,1387.6,1025.4,890.4,1195.5,1050.9,10.5,40.9
2017-07-17 14:10:00,1193.1,1398.0,994.2,900.9,1196.0,1053.7,10.1,40.7
2017-07-17 15:10:00,1182.5,1380.0,995.5,897.3,1183.7,1053.5,10.2,41.1
2017-07-17 16:10:00,1173.6,1368.5,989.0,890.5,1173.3,1045.2,9.4,41.0
2017-07-17 17:10:00,1175.2,1328.8,928.0,852.1,1140.4,1029.3,7.8,41.1
2017-07-17 18:10:00,1163.3,1308.4,944.3,869.0,1136.0,1030.3,7.8,43.8
2017-07-17 19:10:00,1177.5,1323.6,938.5,880.7,1171.7,1047.9,10.6,46.2
2017-07-17 20:10:00,1177.6,1309.5,912.1,869.1,1167.8,1043.1,10.2,46.0
2017-07-17 21:10:00,1128.5,1270.4,901.1,854.4,1165.2,1030.7,7.5,46.8
2017-07-17 22:10:00,1123.7,1213.5,899.3,817.4,1053.5,1009.3,7.4,43.6
2017-07-17 23:10:00,1083.0,1163.7,913.2,810.9,1028.7,1014.8,7.4,42.8
2017-07-18 00:10:00,979.8,1091.2,863.0,777.0,1020.2,961.8,7.2,40.1
2017-07-18 01:10:00,892.3,1035.3,825.9,760.2,1028.2,919.8,6.6,37.8
2017-07-18 02:10:00,865.8,973.3,742.5,725.0,1006.2,886.8,6.8,36.2
2017-07-18 03:10:00,836.6,932.7,703.6,712.8,995.1,861.3,6.7,35.1
2017-07-18 04:10:00,840.7,907.2,678.3,696.2,953.0,840.6,6.5,34.6
2017-07-18 05:10:00,819.6,891.6,652.8,679.5,972.2,845.5,6.8,34.8
2017-07-18 06:10:00,798.0,891.5,650.4,672.7,961.0,818.6,6.5,33.2
2017-07-18 07:10:00,820.1,947.9,690.9,699.4,1031.5,866.5,6.5,35.3
2017-07-18 08:10:00,928.9,1145.4,892.2,827.3,1154.6,972.5,6.2,36.7
2017-07-18 09:10:00,1129.6,1295.3,930.7,876.5,1194.0,1047.8,5.7,40.3
2017-07-18 10:10:00,1167.4,1348.6,957.4,888.7,1236.6,1087.4,6.7,43.5
2017-07-18 11:10:00,1188.0,1405.9,1023.3,915.5,1262.1,1115.9,8.5,44.5
2017-07-18 12:10:00,1171.6,1390.7,954.2,876.5,1266.8,1086.8,5.6,44.1
2017-07-18 13:10:00,1198.9,1439.1,1067.8,925.1,1273.4,1139.0,10.2,47.1
2017-07-18 14:10:00,1211.2,1456.1,1088.4,937.7,1267.9,1138.0,11.0,46.8
2017-07-18 15:10:00,1211.9,1438.1,1044.6,929.7,1265.9,1118.3,10.4,46.7
2017-07-18 16:10:00,1192.3,1422.0,1060.6,925.6,1241.1,1106.0,6.7,47.1
2017-07-18 17:10:00,1186.5,1373.2,962.6,883.2,1213.0,1065.6,6.6,46.7
2017-07-18 18:10:00,1180.3,1347.4,958.2,875.5,1180.2,1056.0,6.6,46.4
2017-07-18 19:10:00,1179.9,1359.8,1000.7,898.5,1177.4,1056.6,6.5,49.6
2017-07-18 20:10:00,1187.6,1351.7,949.5,881.6,1188.7,1049.2,6.9,50.2
2017-07-18 21:10:00,1195.2,1312.4,872.6,860.0,1180.5,1033.1,6.7,49.5
2017-07-18 22:10:00,1172.2,1251.3,835.6,839.7,1137.0,1012.8,6.6,47.4
2017-07-18 23:10:00,1168.3,1212.3,836.9,823.5,1083.6,1013.6,6.6,45.9
2017-07-19 00:10:00,1135.9,1122.1,710.6,792.0,1054.8,950.7,6.4,42.8
2017-07-19 01:10:00,1032.7,1050.5,679.5,757.3,1059.1,930.1,6.6,40.0
2017-07-19 02:10:00,945.3,997.3,666.5,721.9,1027.4,888.0,6.8,38.9
2017-07-19 03:10:00,899.0,947.4,661.0,709.4,1012.0,884.4,6.9,37.6
2017-07-19 04:10:00,867.7,915.0,577.0,688.4,1033.0,844.3,6.4,36.5
2017-07-19 05:10:00,833.4,888.0,580.5,669.7,1025.2,851.4,6.2,36.1
2017-07-19 06:10:00,770.7,891.3,609.6,660.9,1031.8,831.3,6.4,34.9
2017-07-19 07:10:00,837.4,964.8,650.6,693.6,1063.9,861.9,6.1,37.8
2017-07-19 08:10:00,967.0,1145.4,858.2,821.6,1157.2,979.5,6.0,41.8
2017-07-19 09:00:00,1121.5,1299.0,892.9,867.6,1265.1,1073.7,6.3,45.4
2017-07-19 09:00:00,1161.2,1356.5,935.6,878.7,1263.2,1083.8,6.2,47.3
2017-07-19 11:10:00,1179.5,1420.4,1012.4,910.7,1296.9,1118.1,9.9,49.6
2017-07-19 12:10:00,1183.6,1407.0,923.0,863.2,1291.2,1085.1,6.5,49.1
2017-07-19 13:10:00,1190.6,1443.9,1036.8,924.2,1312.7,1134.9,10.4,47.5
2017-07-19 14:10:00,1206.0,1447.0,1027.0,936.9,1315.8,1127.9,10.4,47.5
2017-07-19 15:10:00,1183.4,1416.2,1019.8,922.1,1299.1,1123.1,6.6,47.4
2017-07-19 16:10:00,1178.2,1393.1,1020.1,916.9,1254.0,1101.7,6.3,47.0
2017-07-19 17:10:00,1139.0,1347.3,949.9,868.1,1219.7,1053.2,6.3,46.2
2017-07-19 18:10:00,1128.0,1322.4,959.4,865.8,1189.1,1047.1,6.2,47.5
2017-07-19 19:10:00,1184.0,1335.6,930.3,879.8,1221.9,1077.3,6.3,49.8
2017-07-19 20:10:00,1193.2,1320.1,892.3,870.8,1214.8,1064.6,6.2,51.1
2017-07-19 21:10:00,1133.3,1274.3,890.4,846.0,1187.5,1046.9,6.2,50.0
2017-07-19 22:10:00,1118.3,1228.2,879.2,812.9,1120.5,1035.3,6.3,47.9
2017-07-19 23:10:00,1098.2,1180.8,849.0,804.1,1092.3,1013.4,6.3,47.5
2017-07-20 00:10:00,1042.4,1106.6,742.1,767.1,1103.3,976.5,6.5,44.0
2017-07-20 01:10:00,974.8,1042.4,739.0,746.5,1043.2,933.5,6.2,40.9
2017-07-20 02:10:00,891.4,991.1,710.7,709.0,1038.2,907.7,6.2,38.6
2017-07-20 03:10:00,859.1,957.0,665.3,696.1,1030.7,871.3,6.3,36.9
2017-07-20 04:10:00,813.3,914.8,659.8,672.5,986.6,842.2,6.1,36.4
2017-07-20 05:10:00,849.6,908.2,603.8,662.4,987.4,842.1,6.4,34.4
2017-07-20 06:10:00,843.8,918.3,603.7,666.4,997.1,831.3,6.2,34.8
2017-07-20 07:10:00,842.0,960.5,637.2,687.6,1068.4,870.1,6.1,35.6
2017-07-20 08:10:00,907.8,1149.5,875.8,813.6,1203.8,990.5,6.3,40.0
2017-07-20 09:10:00,1127.5,1310.8,885.4,866.6,1273.3,1070.1,5.5,44.2
2017-07-20 10:10:00,1162.4,1349.2,913.8,880.2,1287.1,1092.3,5.5,47.0
2017-07-20 11:10:00,1188.5,1420.2,998.0,916.0,1321.8,1130.3,7.0,48.8
2017-07-20 12:10:00,1171.3,1405.8,906.2,869.0,1333.6,1092.6,5.5,49.2
2017-07-20 13:10:00,1194.9,1440.1,1006.7,912.5,1328.8,1139.2,10.3,49.0
2017-07-20 14:10:00,1209.2,1449.1,1011.6,919.2,1329.9,1144.5,10.3,48.2
2017-07-20 15:10:00,1200.2,1427.5,1000.2,918.5,1309.2,1124.2,8.7,48.2
2017-07-20 16:10:00,1199.2,1412.3,991.5,918.4,1296.2,1116.5,8.5,48.3
2017-07-20 17:10:00,1167.5,1355.3,938.8,875.3,1229.6,1066.5,7.2,46.1
2017-07-20 18:10:00,1179.4,1336.4,899.2,877.1,1226.1,1050.2,7.1,48.0
2017-07-20 19:10:00,1180.1,1356.4,961.4,894.2,1225.1,1072.7,7.1,50.6
2017-07-20 20:10:00,1188.4,1335.0,931.3,886.8,1229.6,1082.0,6.5,52.0
2017-07-20 21:10:00,1189.3,1302.1,855.3,852.3,1216.3,1062.3,6.3,50.5
2017-07-20 22:10:00,1145.2,1243.8,847.6,841.8,1183.1,1048.2,6.4,48.6
2017-07-20 23:10:00,1124.9,1203.9,860.2,820.4,1115.0,1034.6,6.4,47.6
2017-07-21 00:10:00,1105.8,1125.2,757.0,792.3,1082.3,989.5,6.5,44.7
2017-07-21 01:10:00,998.9,1056.5,717.5,751.8,1071.4,942.3,5.5,42.6
2017-07-21 02:10:00,956.5,1000.1,691.8,736.3,1035.5,912.3,5.5,40.7
2017-07-21 03:10:00,938.1,969.8,635.8,714.7,1031.6,887.2,5.5,39.4
2017-07-21 04:10:00,876.6,924.8,636.4,693.3,1003.9,866.5,5.5,37.8
2017-07-21 05:10:00,864.3,915.6,614.7,696.7,1016.1,850.6,5.5,37.7
2017-07-21 06:10:00,839.4,903.8,617.5,673.7,1001.0,849.5,5.5,36.4
2017-07-21 07:10:00,907.4,972.3,629.7,708.4,1046.3,870.2,5.4,37.9
2017-07-21 08:10:00,931.0,1148.9,859.4,816.6,1193.2,982.4,5.4,41.1
2017-07-21 09:10:00,1082.1,1293.8,943.7,884.8,1265.5,1074.1,6.7,45.3
2017-07-21 10:10:00,1080.6,1345.3,991.3,887.6,1279.3,1076.8,6.9,48.5
2017-07-21 11:10:00,1129.9,1415.1,1059.6,916.5,1293.1,1110.4,9.3,49.9
2017-07-21 12:10:00,1132.5,1394.3,950.0,860.4,1307.8,1092.0,5.6,49.2
2017-07-21 13:10:00,1179.8,1441.4,1057.4,918.6,1294.1,1132.4,9.4,48.3
2017-07-21 14:10:00,1200.3,1451.0,1071.6,937.2,1300.1,1145.0,9.3,48.2
2017-07-21 15:10:00,1194.4,1427.9,1034.5,926.2,1264.3,1100.5,9.5,48.0
2017-07-21 16:10:00,1191.7,1415.8,1024.0,916.5,1246.8,1088.6,5.6,47.1
2017-07-21 17:10:00,1180.2,1358.4,937.9,855.6,1203.0,1066.0,6.0,47.0
2017-07-21 18:10:00,1175.7,1319.8,928.2,862.6,1167.8,1047.4,6.0,48.0
2017-07-21 19:10:00,1184.8,1342.3,988.0,892.6,1181.6,1074.6,6.0,50.9
2017-07-21 20:10:00,1181.2,1307.2,944.2,877.6,1165.2,1060.4,5.8,51.4
2017-07-21 21:10:00,1187.4,1279.3,887.2,850.0,1160.5,1061.6,5.6,49.9
2017-07-21 22:10:00,1175.0,1236.2,888.9,828.5,1089.7,1045.6,5.7,49.0
2017-07-21 23:10:00,1161.1,1193.9,887.2,822.1,1059.1,1049.7,5.9,47.6
2017-07-22 00:10:00,1097.9,1112.0,811.7,790.8,1019.9,988.3,6.2,44.5
2017-07-22 01:10:00,1062.3,1055.3,737.8,767.6,1017.5,958.4,6.0,42.2
2017-07-22 02:10:00,1012.9,1004.8,694.9,747.3,1009.0,930.0,5.8,40.6
2017-07-22 03:10:00,947.5,955.8,663.0,718.1,1000.0,903.2,5.6,39.1
2017-07-22 04:10:00,945.5,919.4,608.3,704.2,984.9,882.6,5.9,38.4
2017-07-22 05:10:00,876.8,886.1,609.5,701.7,995.6,862.2,5.9,37.8
2017-07-22 06:10:00,840.0,874.5,599.7,679.2,991.7,846.6,5.8,36.9
2017-07-22 07:10:00,859.3,901.7,607.5,680.9,988.8,842.4,5.6,36.2
2017-07-22 08:10:00,892.9,971.9,678.2,739.7,1055.8,881.5,5.6,39.5
2017-07-22 09:10:00,866.7,1058.7,839.8,744.6,1073.6,939.1,5.5,43.3
2017-07-22 10:10:00,970.6,1140.9,862.6,770.3,1086.0,968.2,4.7,44.5
2017-07-22 11:10:00,1048.0,1194.7,875.3,790.4,1099.3,995.3,4.7,46.9
2017-07-22 12:10:00,1064.3,1201.6,868.5,781.4,1081.2,988.9,4.7,46.8
2017-07-22 13:10:00,1097.9,1224.7,877.9,804.0,1100.0,1007.1,7.7,47.7
2017-07-22 14:10:00,1091.9,1222.5,892.4,818.0,1102.6,1007.3,7.7,46.9
2017-07-22 15:10:00,1061.9,1188.3,887.3,801.2,1080.7,999.2,5.8,47.0
2017-07-22 16:10:00,1018.1,1180.0,894.0,794.4,1071.8,969.6,5.7,45.6
2017-07-22 17:10:00,989.2,1138.1,861.4,772.6,1053.5,955.0,6.0,44.4
2017-07-22 18:10:00,990.8,1159.5,861.7,782.0,1084.6,955.0,6.2,46.8
2017-07-22 19:10:00,1003.4,1186.2,909.7,809.8,1115.8,992.6,7.7,48.0
2017-07-22 20:10:00,1002.7,1184.6,917.3,805.0,1113.4,1003.1,7.8,48.6
2017-07-22 21:10:00,1026.2,1192.4,954.4,828.1,1066.8,984.7,5.9,48.1
2017-07-22 22:10:00,1038.7,1158.7,910.9,802.4,1045.1,991.9,5.8,47.6
2017-07-22 23:10:00,1046.7,1119.7,878.5,806.4,1011.8,970.0,5.9,46.7
2017-07-23 00:10:00,987.5,1050.1,881.7,767.6,929.8,942.2,4.7,43.7
2017-07-23 01:10:00,1025.3,997.4,825.9,745.4,831.2,910.7,11.7,40.7
2017-07-23 02:10:00,1037.1,957.8,706.3,714.7,831.5,869.0,5.6,38.9
2017-07-23 03:10:00,1048.3,919.6,632.2,712.6,823.4,838.4,4.7,38.0
2017-07-23 04:10:00,1029.5,883.4,593.7,692.7,814.9,829.7,4.7,37.1
2017-07-23 05:10:00,1039.8,861.5,533.9,665.9,818.5,832.6,4.7,36.8
2017-07-23 06:10:00,972.5,828.9,523.0,657.7,832.2,809.2,4.7,36.5
2017-07-23 07:10:00,995.8,859.9,535.9,653.4,820.5,806.4,4.7,37.3
2017-07-23 08:10:00,991.6,910.0,600.0,661.5,873.7,859.0,4.7,39.5
2017-07-23 09:10:00,923.7,972.6,772.6,699.1,884.6,872.4,4.7,41.4
2017-07-23 10:10:00,962.9,1042.5,811.4,708.0,907.8,893.7,4.6,42.6
2017-07-23 11:10:00,1013.9,1099.3,835.6,737.1,946.2,917.8,4.7,46.3
2017-07-23 12:10:00,1016.8,1139.5,867.0,738.8,944.5,910.8,7.4,46.6
2017-07-23 13:10:00,1018.1,1177.6,920.5,755.2,961.9,927.7,7.1,47.0
2017-07-23 14:10:00,1020.8,1171.0,908.7,758.8,982.9,943.7,7.2,46.1
2017-07-23 15:10:00,1029.3,1160.1,879.4,754.8,966.9,922.3,7.2,45.6
2017-07-23 16:10:00,1019.9,1150.0,868.4,732.0,942.8,911.5,7.4,45.1
2017-07-23 17:10:00,1034.6,1126.0,869.9,745.5,926.6,921.0,5.6,44.2
2017-07-23 18:10:00,1036.9,1139.2,876.4,737.7,916.9,912.8,5.7,46.2
2017-07-23 19:10:00,1042.5,1177.5,975.5,778.1,936.6,955.5,5.7,49.1
2017-07-23 20:10:00,1063.4,1205.3,1031.9,804.8,934.0,974.0,5.5,50.8
2017-07-23 21:10:00,1073.7,1205.6,1022.8,805.4,934.0,975.0,5.7,50.2
2017-07-23 22:10:00,1085.1,1170.1,962.6,796.8,935.0,972.7,5.6,48.8
2017-07-23 23:10:00,1101.0,1121.8,871.7,794.5,934.6,949.7,5.6,47.0
2017-07-24 00:10:00,1102.8,1060.3,770.0,766.6,931.3,937.8,4.5,43.9
2017-07-24 01:10:00,1118.6,995.5,635.6,731.6,902.6,891.9,4.5,42.3
2017-07-24 01:20:00,1108.1,990.1,632.1,727.2,899.3,884.9,4.5,41.8
2017-07-24 02:10:00,1047.3,943.7,609.6,697.8,887.3,867.4,4.5,39.7
2017-07-24 03:10:00,978.3,903.5,610.2,690.9,872.2,832.3,4.5,38.6
2017-07-24 04:10:00,911.1,882.8,605.6,677.4,875.4,798.8,4.5,37.5
2017-07-24 05:10:00,932.9,862.8,598.9,667.8,839.0,807.2,4.5,37.6
2017-07-24 06:10:00,870.5,850.8,622.5,656.8,854.2,807.5,4.5,36.6
2017-07-24 07:10:00,886.3,914.2,655.9,673.4,898.9,821.6,5.7,37.6
2017-07-24 08:10:00,1021.2,1149.0,888.5,806.9,1066.1,983.9,5.4,41.5
2017-07-24 09:00:00,1152.8,1306.0,994.1,882.2,1155.6,1075.4,5.7,44.6
2017-07-24 10:10:00,1184.5,1364.5,1022.8,888.3,1172.0,1085.9,5.7,46.4
2017-07-24 11:10:00,1205.9,1428.0,1103.4,915.7,1194.6,1118.0,5.2,47.5
2017-07-24 12:10:00,1201.1,1411.4,973.3,860.9,1228.0,1087.1,4.3,47.4
2017-07-24 13:10:00,1204.9,1460.2,1129.1,922.1,1214.0,1126.8,9.1,47.9
2017-07-24 13:10:00,1206.0,1464.1,1136.8,926.7,1223.6,1138.3,9.1,46.5
2017-07-24 15:10:00,1201.9,1452.3,1120.9,925.7,1189.8,1097.3,9.1,46.5
2017-07-24 16:10:00,1193.4,1428.7,1110.5,922.7,1180.7,1097.2,9.0,45.0
2017-07-24 17:10:00,1193.6,1377.9,1018.6,883.6,1160.5,1076.9,9.0,43.3
2017-07-24 18:10:00,1192.4,1359.9,1010.1,886.0,1145.4,1066.7,9.1,44.3
2017-07-24 19:10:00,1199.8,1386.5,1059.2,909.4,1152.7,1071.7,4.3,48.4
2017-07-24 20:10:00,1191.8,1357.6,1018.6,892.3,1141.3,1056.3,4.3,49.9
2017-07-24 21:10:00,1199.8,1324.1,931.3,873.4,1147.7,1035.5,4.3,50.0
2017-07-24 22:10:00,1152.6,1265.4,893.2,847.4,1133.1,1022.4,4.3,47.9
2017-07-24 23:10:00,1158.5,1226.3,873.1,850.1,1098.9,1012.4,4.3,46.0
2017-07-25 00:10:00,1124.7,1148.1,756.6,797.6,1069.8,967.7,4.3,42.0
2017-07-25 01:10:00,1086.0,1070.6,703.5,767.4,1008.3,924.5,4.7,40.0
2017-07-25 02:10:00,1040.9,1009.4,648.8,751.0,1000.0,895.4,4.3,38.2
2017-07-25 03:10:00,998.9,971.1,638.3,720.6,958.9,872.1,4.3,36.5
2017-07-25 04:10:00,975.8,934.9,592.6,702.6,948.8,848.0,4.3,36.0
2017-07-25 05:10:00,941.5,921.7,598.4,687.0,951.6,852.0,4.3,35.1
2017-07-25 06:10:00,938.4,915.5,572.6,675.2,943.9,833.7,4.3,34.8
2017-07-25 07:10:00,959.2,968.7,608.5,701.6,990.2,855.1,4.3,36.8
2017-07-25 08:10:00,1048.4,1160.2,861.1,817.3,1093.6,990.5,4.2,39.4
2017-07-25 09:10:00,1163.6,1304.5,946.7,884.9,1180.1,1059.3,4.3,46.0
2017-07-25 10:10:00,1162.0,1358.6,967.6,889.8,1242.5,1082.4,4.4,45.7
2017-07-25 11:10:00,1188.6,1427.1,1062.8,919.4,1262.1,1123.5,5.4,48.8
2017-07-25 12:10:00,1184.7,1411.0,942.1,869.1,1282.9,1089.0,8.2,48.8
2017-07-25 13:10:00,1200.7,1450.7,1060.1,937.3,1285.9,1120.1,9.1,47.8
2017-07-25 14:10:00,1202.0,1462.0,1067.8,941.9,1290.7,1118.8,9.4,47.2
2017-07-25 15:10:00,1197.6,1442.3,1021.4,924.6,1298.3,1108.6,5.6,47.4
2017-07-25 16:10:00,1193.5,1429.4,1023.4,920.4,1253.2,1078.2,5.6,47.6
2017-07-25 17:10:00,1142.8,1371.9,968.4,876.1,1226.1,1049.0,5.7,46.1
2017-07-25 18:10:00,1127.3,1346.7,926.2,881.5,1236.3,1020.9,5.6,46.3
2017-07-25 19:10:00,1178.6,1367.9,934.4,897.0,1251.0,1055.6,5.7,49.2
2017-07-25 20:10:00,1155.2,1344.8,908.6,885.2,1248.1,1037.4,5.6,50.0
2017-07-25 21:10:00,1147.5,1310.7,854.9,861.9,1229.7,1014.3,5.1,50.2
2017-07-25 22:10:00,1073.9,1259.3,855.2,845.2,1224.1,1005.1,5.0,48.7
2017-07-25 23:10:00,1086.4,1216.5,870.4,831.5,1140.7,1007.7,5.2,47.0
2017-07-26 00:10:00,1030.7,1133.5,846.1,800.2,1048.4,952.4,4.7,43.6
2017-07-26 01:10:00,936.3,1081.2,851.3,767.4,1029.0,931.2,4.6,41.4
2017-07-26 02:10:00,893.2,1009.1,761.4,745.7,1024.3,889.1,4.6,39.6
2017-07-26 03:10:00,888.9,978.8,701.1,719.2,1003.1,861.5,4.6,38.1
2017-07-26 04:10:00,881.8,938.4,674.2,704.9,969.0,849.2,4.6,37.0
2017-07-26 05:10:00,884.8,913.1,631.8,686.8,966.6,851.4,4.6,36.5
2017-07-26 06:10:00,823.2,918.6,632.3,674.3,991.5,823.5,4.5,35.1
2017-07-26 07:10:00,879.7,962.4,630.7,706.9,1053.4,861.7,4.5,37.4
2017-07-26 08:10:00,996.1,1163.4,833.8,821.4,1171.6,979.4,4.5,41.8
2017-07-26 09:10:00,1139.7,1311.5,898.9,873.2,1249.4,1061.5,4.6,46.3
2017-07-26 10:10:00,1164.2,1366.4,933.6,889.8,1280.0,1078.0,4.5,48.1
2017-07-26 11:10:00,1177.4,1434.8,1040.5,919.6,1298.6,1117.1,4.5,49.6
2017-07-26 12:10:00,1170.4,1412.2,927.3,863.3,1304.5,1081.2,4.5,50.1
2017-07-26 13:10:00,1192.4,1456.0,1062.1,927.9,1293.5,1124.1,8.8,48.9
2017-07-26 14:10:00,1210.8,1458.6,1067.5,942.7,1290.1,1127.7,8.9,48.3
2017-07-26 15:10:00,1205.1,1422.8,1011.6,928.3,1274.2,1101.7,9.0,47.2
2017-07-26 16:10:00,1193.1,1393.1,968.8,912.4,1252.1,1069.4,8.4,47.4
2017-07-26 17:10:00,1141.0,1351.6,936.4,867.0,1235.2,1052.6,4.6,45.9
2017-07-26 18:10:00,1144.1,1333.1,893.0,874.4,1235.8,1022.6,4.6,47.3
2017-07-26 19:10:00,1144.5,1333.8,933.2,879.7,1223.1,1042.8,5.6,50.2
2017-07-26 20:10:00,1139.1,1312.4,892.9,862.1,1215.6,1028.4,5.6,50.2
2017-07-26 21:10:00,1102.9,1284.6,890.0,846.1,1204.9,1022.7,5.7,50.2
2017-07-26 22:10:00,1084.8,1219.5,840.0,822.9,1164.5,1003.2,4.6,48.4
2017-07-26 23:10:00,1070.2,1185.7,840.0,813.2,1108.2,977.8,4.5,46.3
2017-07-27 00:10:00,964.9,1102.3,832.3,777.6,1054.6,932.3,4.6,44.2
2017-07-27 01:10:00,890.7,1039.4,777.0,745.4,1055.8,902.1,4.5,41.1
2017-07-27 02:10:00,898.9,983.6,683.0,717.7,1037.5,883.7,4.5,39.0
2017-07-27 03:10:00,878.8,948.4,624.7,697.6,1027.9,852.6,4.5,37.4
2017-07-27 04:10:00,858.5,921.4,620.7,691.3,1007.6,843.0,4.6,35.7
2017-07-27 05:10:00,854.0,903.7,575.5,676.5,1013.9,832.2,4.6,35.6
2017-07-27 06:10:00,820.4,887.4,568.0,663.0,1006.7,814.4,4.5,35.0
2017-07-27 07:10:00,872.9,954.0,608.7,688.9,1042.8,849.6,4.5,36.4
2017-07-27 08:10:00,901.1,1143.1,871.1,808.5,1174.6,959.0,4.5,40.8
2017-07-27 09:10:00,1083.4,1293.4,916.5,871.4,1259.0,1053.3,4.5,45.4
2017-07-27 10:10:00,1129.6,1343.5,936.8,877.1,1263.9,1067.7,5.7,47.7
2017-07-27 11:10:00,1168.5,1403.0,987.2,907.4,1298.1,1099.2,5.4,49.6
2017-07-27 12:10:00,1124.9,1384.2,913.3,849.8,1302.7,1065.2,6.6,48.3
2017-07-27 13:10:00,1178.8,1428.3,1020.1,913.9,1288.4,1105.0,8.6,48.6
2017-07-27 14:10:00,1189.0,1433.2,1049.2,927.4,1280.7,1120.2,9.0,47.0
2017-07-27 15:10:00,1186.0,1405.9,1007.8,922.4,1261.7,1089.2,8.9,46.9
2017-07-27 16:10:00,1189.2,1402.0,1001.6,914.8,1240.0,1077.6,9.0,45.5
2017-07-27 17:10:00,1185.1,1342.5,929.0,882.2,1205.6,1054.5,5.4,46.0
2017-07-27 18:10:00,1176.0,1330.9,943.9,883.2,1172.1,1036.7,5.3,46.5
2017-07-27 19:10:00,1177.1,1329.5,1008.0,911.6,1171.3,1073.3,7.7,49.7
2017-07-27 20:10:00,1182.6,1313.1,980.4,903.0,1174.2,1076.5,5.1,49.8
2017-07-27 21:10:00,1171.1,1265.4,904.2,868.8,1157.6,1054.2,5.4,49.8
2017-07-27 22:10:00,1112.0,1214.3,878.4,840.8,1150.2,1043.1,5.4,47.8
2017-07-27 23:10:00,1115.1,1191.9,893.3,852.3,1109.6,1031.1,4.3,47.0
2017-07-28 00:10:00,1122.5,1116.5,780.5,813.3,1050.4,983.9,4.3,44.0
2017-07-28 01:10:00,1064.5,1049.1,781.9,781.4,973.4,952.6,4.3,41.0
2017-07-28 02:10:00,950.2,991.4,757.0,742.4,983.8,922.5,4.3,39.0
2017-07-28 03:10:00,892.9,948.2,707.1,720.9,985.0,883.0,4.3,37.2
2017-07-28 04:10:00,890.9,915.2,675.4,719.4,965.5,864.9,4.3,36.6
2017-07-28 05:10:00,880.3,912.5,654.1,702.8,972.0,859.4,4.3,36.0
2017-07-28 06:10:00,856.4,897.9,617.5,682.3,981.0,843.9,4.3,35.1
2017-07-28 07:10:00,874.9,963.4,680.6,713.7,1020.5,867.0,4.2,36.1
2017-07-28 08:10:00,968.4,1157.6,903.4,826.0,1134.9,987.3,4.2,39.9
2017-07-28 09:10:00,1139.3,1307.3,955.0,880.4,1198.1,1064.8,4.3,44.2
2017-07-28 10:10:00,1154.3,1364.7,1001.3,897.3,1225.2,1078.4,4.3,44.7
2017-07-28 11:10:00,1192.2,1424.5,1038.7,920.3,1240.1,1089.2,9.0,46.1
2017-07-28 12:10:00,1178.0,1404.2,946.0,868.9,1241.2,1051.4,4.3,45.0
2017-07-28 13:10:00,1197.9,1450.3,1048.3,920.1,1244.9,1084.1,8.8,45.4
2017-07-28 14:10:00,1202.0,1455.3,1053.2,931.4,1252.7,1084.7,10.2,46.8
2017-07-28 15:10:00,1200.7,1434.6,1031.9,922.8,1254.2,1092.2,10.0,47.2
2017-07-28 16:10:00,1206.0,1416.6,1003.6,911.3,1242.3,1082.7,5.6,46.8
2017-07-28 17:10:00,1175.5,1370.2,966.4,867.3,1188.1,1050.6,5.9,47.7
2017-07-28 18:10:00,1157.6,1316.4,971.9,882.4,1121.1,1009.7,5.6,47.7
2017-07-28 19:10:00,1189.1,1334.1,1018.4,902.3,1129.6,1055.5,5.4,50.5
2017-07-28 20:10:00,1192.6,1321.6,984.2,893.5,1133.1,1047.9,5.1,52.0
2017-07-28 21:10:00,1183.1,1278.8,957.5,868.0,1102.7,1049.4,4.0,51.1
2017-07-28 22:10:00,1099.4,1223.6,960.1,857.3,1099.7,1031.6,3.3,50.1
2017-07-28 23:10:00,1090.8,1188.1,944.8,854.3,1068.9,1016.5,3.4,49.0
2017-07-29 00:10:00,1063.7,1110.4,862.5,812.0,1023.6,985.6,2.9,44.8
2017-07-29 01:10:00,994.9,1064.0,862.2,781.0,985.5,957.2,2.8,43.3
2017-07-29 02:10:00,956.1,1003.6,812.1,758.3,947.4,914.5,2.8,42.0
2017-07-29 03:10:00,894.3,955.9,778.8,733.6,927.8,874.8,2.8,39.5
2017-07-29 04:10:00,851.5,922.1,792.0,730.5,910.3,865.4,2.8,38.6
2017-07-29 05:10:00,799.6,899.1,759.3,701.7,929.6,851.7,2.8,38.8
2017-07-29 06:10:00,773.1,888.0,748.0,691.4,903.6,812.9,4.5,36.9
2017-07-29 07:10:00,826.3,906.2,738.0,696.8,905.5,832.7,4.5,38.6
2017-07-29 08:10:00,887.7,967.5,807.5,735.6,893.9,850.3,4.0,39.8
2017-07-29 09:10:00,929.0,1031.5,916.7,756.7,877.0,897.0,3.3,41.0
2017-07-29 10:10:00,955.4,1082.9,890.1,781.6,1000.7,942.9,3.8,42.6
2017-07-29 11:10:00,986.7,1145.4,899.0,786.9,1058.4,973.1,3.7,42.5
2017-07-29 12:10:00,972.8,1149.9,906.0,764.3,1034.9,961.5,3.8,41.8
2017-07-29 13:10:00,1009.8,1177.9,923.1,782.1,1037.0,971.8,3.6,41.7
2017-07-29 14:10:00,994.8,1149.3,913.8,792.7,1026.2,955.5,3.3,40.6
2017-07-29 15:10:00,960.0,1088.3,904.5,773.4,974.3,939.9,3.3,40.6
2017-07-29 16:10:00,952.2,1083.6,880.0,750.7,951.2,912.3,3.2,40.0
2017-07-29 17:10:00,913.7,1058.1,872.7,736.5,944.8,898.4,3.1,41.3
2017-07-29 18:10:00,924.0,1060.2,892.4,723.0,923.9,918.3,3.6,42.3
2017-07-29 19:10:00,930.6,1078.9,928.5,749.0,925.7,917.9,3.6,42.7
2017-07-29 20:10:00,981.8,1027.3,866.3,730.7,870.6,928.1,4.0,36.7
2017-07-29 21:10:00,853.6,974.7,926.6,729.6,869.7,914.7,5.9,36.7
2017-07-29 22:10:00,791.0,937.3,923.2,723.3,873.6,896.5,7.6,38.1
2017-07-29 23:10:00,777.1,912.6,881.3,694.9,862.1,884.8,7.6,35.8
2017-07-30 00:10:00,731.3,876.5,828.0,653.0,851.4,853.9,7.6,34.9
2017-07-30 01:10:00,706.6,835.2,766.8,621.7,819.2,810.0,7.5,33.3
2017-07-30 02:10:00,631.8,800.9,767.5,606.7,829.9,796.6,7.6,32.6
2017-07-30 03:10:00,647.4,768.2,668.8,590.8,836.8,770.1,7.6,31.5
2017-07-30 04:10:00,655.7,749.5,657.1,582.3,793.7,750.8,7.6,31.5
2017-07-30 05:10:00,657.9,740.7,661.6,573.4,764.0,745.5,7.6,31.7
2017-07-30 06:10:00,585.8,731.5,702.4,576.8,767.7,724.0,7.6,31.2
2017-07-30 07:10:00,602.0,750.4,704.0,597.5,773.1,707.1,7.9,32.0
2017-07-30 08:10:00,612.2,796.7,743.4,606.1,825.0,752.3,7.9,33.3
2017-07-30 09:10:00,673.8,854.6,763.6,627.8,828.0,755.9,7.9,35.0
2017-07-30 10:10:00,702.3,926.7,832.4,635.2,845.6,790.3,7.9,36.0
2017-07-30 11:10:00,727.0,979.1,862.6,660.4,901.4,821.5,5.9,35.9
2017-07-30 12:10:00,782.5,1019.0,854.3,665.1,900.1,822.5,5.9,36.1
2017-07-30 13:10:00,828.5,1050.1,851.3,669.7,902.8,832.8,5.9,35.9
2017-07-30 14:10:00,839.0,1058.1,828.6,673.6,951.7,857.5,5.9,35.9
2017-07-30 15:10:00,772.4,1025.6,823.9,680.6,975.5,835.7,7.1,37.0
2017-07-30 16:10:00,781.9,1014.4,827.6,665.9,948.9,850.6,9.1,36.5
2017-07-30 17:10:00,803.7,1025.1,824.4,671.4,958.3,862.9,10.5,37.7
2017-07-30 18:10:00,811.7,1036.7,834.4,686.2,990.1,885.0,10.6,38.8
2017-07-30 19:10:00,859.0,1073.1,834.2,718.4,1016.9,888.9,10.6,40.2
2017-07-30 20:10:00,896.6,1088.6,831.1,723.2,1010.1,896.7,10.5,39.8
2017-07-30 21:10:00,892.5,1099.8,835.6,731.8,1022.8,890.8,10.6,39.1
2017-07-30 22:10:00,840.0,1071.3,837.6,711.5,1014.8,883.4,10.6,36.9
2017-07-30 23:10:00,814.2,1031.9,819.1,702.5,992.4,866.8,10.5,35.0
2017-07-31 00:10:00,779.9,975.9,762.4,670.6,944.5,818.9,10.6,31.9
2017-07-31 01:10:00,792.0,904.9,684.5,640.9,887.5,798.3,10.6,30.4
2017-07-31 02:10:00,743.6,858.6,637.6,616.9,882.8,770.1,10.6,29.1
2017-07-31 03:10:00,688.0,814.9,623.7,597.8,862.1,743.2,10.5,28.4
2017-07-31 04:10:00,645.8,812.3,630.2,566.6,858.1,737.9,10.6,27.9
2017-07-31 05:10:00,606.4,800.0,628.4,551.5,878.1,744.0,10.5,28.0
2017-07-31 06:10:00,618.0,811.5,624.8,554.8,881.2,739.4,10.6,28.9
2017-07-31 07:10:00,637.9,859.3,635.2,591.5,944.2,748.3,10.5,28.7
2017-07-31 08:10:00,785.8,1059.1,702.2,713.2,1112.5,807.4,10.4,31.0
2017-07-31 09:10:00,916.4,1200.1,836.5,770.3,1081.5,841.0,10.6,33.6
2017-07-31 10:10:00,941.2,1237.0,863.2,779.9,1081.0,845.0,10.5,34.0
2017-07-31 11:10:00,983.4,1274.6,879.6,804.2,1103.1,862.5,11.5,36.5
2017-07-31 12:10:00,953.0,1242.3,852.5,730.2,1059.0,867.4,11.6,36.3
2017-07-31 13:10:00,971.8,1281.7,886.9,789.0,1103.2,865.8,11.5,37.0
2017-07-31 14:10:00,982.8,1299.1,895.6,796.4,1121.4,877.6,11.6,38.3
2017-07-31 15:10:00,973.7,1298.3,915.2,801.3,1122.0,884.1,11.6,38.7
2017-07-31 16:10:00,962.4,1293.0,931.9,800.9,1126.9,900.1,11.6,38.8
2017-07-31 17:10:00,969.4,1240.2,892.0,772.8,1095.9,918.6,11.6,37.3
2017-07-31 18:10:00,984.9,1221.6,900.4,796.5,1078.0,919.3,11.6,37.5
2017-07-31 19:10:00,989.6,1229.0,930.2,809.9,1094.6,946.2,11.6,40.7
2017-07-31 20:10:00,964.3,1200.6,929.4,794.1,1078.3,948.1,11.0,40.2
2017-07-31 21:10:00,944.4,1168.0,921.6,754.5,1014.9,930.8,10.6,38.1
2017-07-31 22:10:00,832.6,1108.0,908.0,737.2,1045.1,914.0,11.1,37.5
2017-07-31 23:10:00,824.4,1075.9,898.4,717.8,990.8,892.4,8.8,36.3
2017-08-01 00:10:00,788.1,1000.6,800.7,686.1,979.4,854.9,6.6,33.1
2017-08-01 01:10:00,761.0,933.0,731.6,669.7,959.8,823.7,6.1,32.1
2017-08-01 02:10:00,717.1,889.1,697.5,640.2,930.9,792.8,6.4,29.9
2017-08-01 03:10:00,726.7,866.1,653.3,624.2,920.8,787.5,6.4,29.4
2017-08-01 04:10:00,716.6,844.6,627.6,627.6,912.6,761.8,6.4,29.3
2017-08-01 05:10:00,715.1,839.8,628.2,631.5,903.2,751.9,6.4,29.7
2017-08-01 06:10:00,709.9,834.3,618.7,632.8,917.8,757.3,6.4,28.4
2017-08-01 07:10:00,785.3,900.7,608.1,649.3,973.2,792.3,6.4,30.8
2017-08-01 08:10:00,841.6,1085.1,868.8,772.8,1085.9,910.8,6.4,34.1
2017-08-01 09:10:00,975.7,1234.6,916.7,836.1,1208.6,997.1,6.3,39.7
2017-08-01 10:10:00,989.4,1275.5,952.1,833.5,1209.0,1007.5,6.7,40.7
2017-08-01 11:10:00,1067.0,1337.8,967.8,853.1,1208.7,1016.1,6.8,43.2
2017-08-01 12:10:00,967.6,1297.3,918.4,786.0,1200.6,967.8,6.8,42.2
2017-08-01 13:10:00,1042.2,1341.3,968.5,848.7,1209.5,992.5,6.8,44.5
2017-08-01 14:10:00,1075.4,1358.1,995.1,862.7,1207.2,1022.7,9.1,43.3
2017-08-01 15:10:00,1077.7,1342.6,982.6,867.7,1200.5,1016.7,9.2,43.0
2017-08-01 16:10:00,1069.6,1328.9,984.2,864.9,1203.3,1030.7,9.2,41.8
2017-08-01 17:10:00,1064.5,1294.5,918.8,820.1,1177.2,1014.2,7.4,39.1
2017-08-01 18:10:00,1055.0,1275.3,961.7,838.9,1147.5,1017.2,6.8,39.6
2017-08-01 19:10:00,1041.1,1276.1,993.2,849.9,1134.2,1011.3,9.6,40.8
2017-08-01 20:10:00,1043.9,1265.0,933.3,823.4,1148.0,1004.7,9.2,41.4
2017-08-01 21:10:00,1014.7,1222.2,911.3,803.0,1113.8,980.3,6.4,40.7
2017-08-01 22:10:00,985.7,1163.2,903.2,758.0,1021.7,956.7,6.4,39.2
2017-08-01 23:10:00,972.7,1118.4,873.6,751.9,973.7,917.9,4.8,36.6
2017-08-02 00:10:00,872.3,1048.7,815.3,709.2,971.6,871.6,4.8,34.5
2017-08-02 01:10:00,813.3,982.9,778.9,673.9,935.5,844.0,4.5,31.4
2017-08-02 02:10:00,794.6,938.4,755.3,658.9,899.4,825.6,4.6,30.9
2017-08-02 03:10:00,780.9,896.4,705.0,650.3,900.6,814.5,4.4,29.7
2017-08-02 04:10:00,741.4,869.9,697.7,634.0,886.2,797.1,7.3,31.5
2017-08-02 05:10:00,703.2,858.9,696.3,627.4,900.4,789.4,7.4,31.6
2017-08-02 06:10:00,701.0,852.4,691.1,629.6,906.9,793.3,7.2,30.9
2017-08-02 07:10:00,764.6,934.7,730.3,655.3,947.4,827.5,7.1,31.9
2017-08-02 08:10:00,884.8,1118.0,843.2,773.1,1123.7,930.4,7.2,37.4
2017-08-02 09:10:00,996.4,1258.6,955.5,832.6,1181.3,1008.0,7.3,41.2
2017-08-02 10:10:00,1014.5,1312.6,971.2,832.3,1210.5,1015.9,7.4,42.8
2017-08-02 11:10:00,1053.2,1375.6,995.6,849.1,1250.7,1036.9,8.8,46.6
2017-08-02 12:10:00,1033.7,1354.8,918.9,801.0,1210.3,972.2,11.1,46.0
2017-08-02 13:10:00,1065.1,1394.2,965.6,848.8,1246.1,1001.1,11.1,43.8
2017-08-02 14:10:00,1075.5,1382.4,969.9,876.4,1260.9,1015.3,11.1,43.3
2017-08-02 15:10:00,1061.8,1331.3,957.3,871.9,1238.5,1021.6,10.1,42.8
2017-08-02 16:10:00,1048.9,1317.4,964.0,875.1,1229.4,1017.9,10.0,41.9
2017-08-02 17:10:00,1050.1,1277.8,940.1,842.9,1181.5,1019.8,9.9,41.1
2017-08-02 18:10:00,1041.2,1259.9,923.5,837.2,1181.4,1015.2,9.9,43.5
2017-08-02 19:10:00,1054.7,1263.3,943.4,846.9,1195.5,1047.1,9.7,46.0
2017-08-02 20:10:00,1032.7,1241.7,915.7,840.5,1205.5,1035.8,10.1,46.0
2017-08-02 21:10:00,984.4,1202.4,919.3,800.6,1154.3,1019.9,10.0,45.1
2017-08-02 22:10:00,916.5,1146.3,928.1,784.9,1084.4,965.2,10.0,42.6
2017-08-02 23:10:00,892.2,1114.1,918.9,771.7,1057.4,950.7,9.9,42.0
2017-08-03 00:10:00,805.3,1025.7,908.6,729.1,975.8,906.0,9.5,38.3
2017-08-03 01:10:00,778.1,967.0,832.8,703.9,949.0,864.2,9.6,34.4
2017-08-03 02:10:00,777.5,926.6,760.8,683.9,928.2,831.3,9.4,34.0
2017-08-03 03:10:00,774.6,892.3,700.8,671.5,924.6,812.2,9.3,33.4
2017-08-03 04:10:00,773.7,870.8,657.8,666.1,932.4,804.9,9.5,31.5
2017-08-03 05:10:00,773.6,854.2,628.1,649.4,925.4,801.0,9.5,32.0
2017-08-03 06:10:00,742.4,864.1,632.1,657.7,960.5,791.6,9.5,31.1
2017-08-03 07:10:00,770.1,912.3,675.1,685.0,997.1,821.8,8.8,32.1
2017-08-03 08:10:00,879.5,1112.0,861.5,798.6,1157.6,958.1,8.2,38.1
2017-08-03 09:10:00,1011.7,1265.7,931.5,856.2,1251.0,1037.8,8.0,42.4
2017-08-03 10:10:00,1030.9,1306.0,949.0,861.7,1267.7,1046.0,10.0,43.7
2017-08-03 11:10:00,1050.1,1365.2,1015.4,883.8,1288.7,1072.4,12.5,45.3
2017-08-03 12:10:00,1057.9,1346.3,888.5,831.0,1300.2,1033.2,8.7,44.6
2017-08-03 13:10:00,1066.1,1389.6,1019.2,894.5,1302.5,1072.6,13.1,44.2
2017-08-03 14:10:00,1069.9,1401.9,1051.1,908.7,1296.2,1075.4,12.9,44.0
2017-08-03 15:10:00,1069.7,1397.9,1047.9,909.1,1289.0,1068.2,12.5,43.9
2017-08-03 16:10:00,1065.1,1379.3,1041.5,905.9,1269.0,1059.0,11.8,43.1
2017-08-03 17:10:00,1063.1,1329.5,973.6,871.8,1243.2,1042.8,7.6,43.4
2017-08-03 18:10:00,1065.0,1307.3,961.9,880.9,1229.4,1030.6,7.5,45.0
2017-08-03 19:10:00,1056.8,1303.1,1022.4,900.3,1214.2,1053.0,10.5,47.5
2017-08-03 20:10:00,1060.1,1282.0,966.1,882.0,1229.0,1051.9,8.0,47.2
2017-08-03 21:10:00,1034.6,1235.0,915.9,843.2,1190.4,1022.8,7.8,47.6
2017-08-03 22:10:00,1014.6,1170.8,923.9,810.6,1087.0,1009.6,10.0,44.6
2017-08-03 23:10:00,1007.8,1145.1,917.9,810.6,1041.9,978.6,9.9,43.3
2017-08-04 00:10:00,883.4,1063.3,922.1,762.3,985.9,935.6,10.0,40.2
2017-08-04 01:10:00,858.0,1002.1,795.1,727.6,993.6,888.6,9.2,37.7
2017-08-04 02:10:00,834.0,949.0,713.8,715.4,1004.2,861.3,9.2,35.5
2017-08-04 03:10:00,789.5,914.4,704.0,687.1,966.4,833.2,8.8,33.9
2017-08-04 04:10:00,785.3,886.3,675.9,698.5,982.1,833.7,9.1,34.0
2017-08-04 05:10:00,741.7,854.9,675.5,675.9,955.1,817.2,9.0,33.4
2017-08-04 06:10:00,738.1,868.4,683.9,678.0,967.9,820.2,9.1,32.5
2017-08-04 07:10:00,789.5,943.2,677.8,696.8,1047.0,848.8,9.1,34.6
2017-08-04 08:10:00,886.8,1120.9,855.3,801.6,1184.7,974.6,9.0,38.6
2017-08-04 09:10:00,1014.1,1269.8,953.6,874.3,1252.7,1043.1,9.1,42.4
2017-08-04 10:10:00,1066.8,1317.7,896.3,859.4,1305.2,1056.7,9.3,43.8
2017-08-04 11:10:00,1083.9,1376.2,987.4,887.5,1321.5,1091.9,9.5,46.7
2017-08-04 12:10:00,1068.9,1350.6,891.2,836.2,1306.2,1043.0,9.7,46.2
2017-08-04 13:10:00,1079.3,1386.5,1004.8,892.2,1305.2,1077.0,11.6,45.3
2017-08-04 14:10:00,1087.6,1402.3,1024.9,906.4,1313.6,1084.0,11.6,45.1
2017-08-04 15:10:00,1082.8,1376.4,1005.8,900.2,1293.7,1072.6,11.7,44.8
2017-08-04 16:10:00,1068.3,1359.6,994.9,889.6,1280.7,1061.3,11.7,45.0
2017-08-04 17:10:00,1061.9,1297.8,949.2,860.0,1230.3,1049.2,9.5,43.9
2017-08-04 18:10:00,1064.2,1282.2,944.6,858.3,1204.5,1037.6,9.3,44.6
2017-08-04 19:10:00,1064.0,1294.8,991.4,873.0,1206.1,1053.9,9.3,49.1
2017-08-04 20:10:00,1070.0,1267.2,956.6,868.5,1191.9,1043.2,9.3,48.8
2017-08-04 21:10:00,1066.2,1232.8,897.8,834.0,1171.3,1029.0,9.3,48.9
2017-08-04 22:10:00,1025.5,1182.6,903.3,802.1,1108.8,1015.6,9.4,46.7
2017-08-04 23:10:00,1002.3,1153.6,907.3,791.9,1072.5,1000.6,9.4,45.4
2017-08-05 00:10:00,873.6,1080.6,896.7,762.9,1074.9,966.9,7.8,42.5
2017-08-05 01:10:00,858.0,999.9,798.4,746.5,1036.5,914.4,7.8,39.9
2017-08-05 02:10:00,848.8,950.2,729.5,709.8,1010.8,898.9,8.0,38.3
2017-08-05 03:10:00,851.7,914.1,677.4,692.9,986.4,878.5,7.6,37.6
2017-08-05 04:10:00,818.4,880.9,653.0,673.8,974.2,862.0,7.7,36.7
2017-08-05 05:10:00,780.6,865.2,630.2,669.3,1004.3,852.8,7.8,35.7
2017-08-05 06:10:00,750.2,847.7,623.8,656.4,982.2,826.1,8.0,33.9
2017-08-05 07:10:00,779.5,883.2,627.2,671.6,1015.6,839.9,7.6,35.1
2017-08-05 08:10:00,766.6,945.2,773.7,709.6,1022.6,877.8,7.6,37.7
2017-08-05 09:10:00,788.5,1021.5,878.8,740.3,1055.6,929.8,8.9,40.2
2017-08-05 10:10:00,785.8,1085.8,920.3,771.5,1114.4,930.2,8.9,41.9
2017-08-05 11:10:00,847.8,1157.4,954.1,797.6,1178.3,988.6,9.9,46.5
2017-08-05 12:10:00,851.7,1178.0,948.9,767.5,1177.6,995.7,10.0,46.9
2017-08-05 13:10:00,894.1,1213.6,991.9,810.0,1182.5,1008.8,12.0,48.2
2017-08-05 14:10:00,904.1,1225.6,1025.1,820.6,1183.6,1031.7,11.9,46.9
2017-08-05 15:10:00,908.0,1217.2,991.2,814.5,1184.0,1017.9,12.0,45.7
2017-08-05 16:10:00,917.1,1199.1,950.0,800.1,1172.8,1003.0,9.6,47.3
2017-08-05 17:10:00,931.4,1167.5,880.0,778.2,1142.8,970.6,8.2,46.1
2017-08-05 18:10:00,926.2,1153.6,867.3,761.2,1124.7,964.1,8.0,47.3
2017-08-05 19:10:00,946.4,1192.9,967.8,815.7,1141.2,1005.3,7.8,49.3
2017-08-05 20:10:00,945.6,1193.5,960.4,804.0,1132.5,998.6,8.3,50.8
2017-08-05 21:10:00,962.0,1194.8,929.6,806.6,1152.4,1004.1,11.6,50.2
2017-08-05 22:10:00,949.5,1151.7,889.8,789.0,1133.9,995.4,11.5,48.6
2017-08-05 23:10:00,957.3,1119.4,874.3,789.0,1090.1,978.2,11.9,47.0
2017-08-06 00:10:00,913.7,1065.1,823.0,757.4,1058.3,936.7,8.6,44.4
2017-08-06 01:10:00,901.3,1010.7,726.3,722.3,1047.6,907.7,8.3,42.9
2017-08-06 02:10:00,900.4,953.7,672.8,687.1,986.8,886.5,8.5,41.3
2017-08-06 03:10:00,862.7,914.4,648.1,686.1,977.1,855.4,8.2,40.2
2017-08-06 04:10:00,846.4,873.9,587.3,674.0,962.4,818.7,8.4,37.8
2017-08-06 05:10:00,820.4,853.0,550.8,659.2,985.4,815.1,8.6,38.0
2017-08-06 06:10:00,783.5,834.0,543.0,646.0,971.8,791.3,8.6,35.5
2017-08-06 07:10:00,803.4,862.3,547.7,628.3,987.8,818.4,8.1,38.0
2017-08-06 08:10:00,807.6,902.0,607.8,642.6,985.8,825.5,8.2,39.4
2017-08-06 09:10:00,794.1,951.2,712.3,661.8,996.3,857.3,8.4,40.8
2017-08-06 10:10:00,800.9,1024.7,819.9,685.7,993.9,871.1,9.3,42.6
2017-08-06 11:10:00,850.2,1076.6,846.2,712.0,1039.4,911.5,9.3,45.0
2017-08-06 12:10:00,894.2,1129.5,865.5,708.5,1059.0,943.5,9.3,46.5
2017-08-06 13:10:00,891.7,1156.5,865.5,725.7,1113.6,950.5,9.1,47.2
2017-08-06 14:10:00,897.4,1153.3,883.0,732.9,1108.9,964.5,9.4,48.0
2017-08-06 15:10:00,855.4,1153.3,883.6,733.3,1126.6,941.5,9.4,46.9
2017-08-06 16:10:00,864.4,1135.6,863.8,742.6,1115.6,929.4,9.4,45.7
2017-08-06 17:10:00,893.4,1141.3,856.8,724.8,1081.4,929.8,9.1,44.8
2017-08-06 18:10:00,887.0,1152.6,879.5,720.2,1075.3,932.3,9.2,46.0
2017-08-06 19:10:00,869.9,1172.2,963.1,769.2,1114.9,967.1,9.3,48.7
2017-08-06 20:10:00,890.8,1182.8,967.9,779.8,1108.0,963.3,9.4,50.1
2017-08-06 21:10:00,899.9,1204.3,1014.4,789.0,1110.0,993.6,11.7,49.1
2017-08-06 22:10:00,911.9,1164.8,961.0,800.2,1116.6,988.4,11.8,47.8
2017-08-06 23:10:00,903.5,1143.2,902.8,762.0,1107.1,970.2,9.2,47.3
2017-08-07 00:10:00,912.4,1054.6,803.8,735.7,1051.6,940.4,7.1,44.1
2017-08-07 01:10:00,880.2,994.7,742.8,706.7,1012.5,899.7,7.1,41.6
2017-08-07 02:10:00,796.7,962.9,717.4,666.9,1027.0,877.9,7.1,40.4
2017-08-07 03:10:00,744.1,912.1,718.2,671.7,1002.7,849.0,7.2,39.2
2017-08-07 04:10:00,728.0,886.2,687.4,648.1,980.4,832.0,8.4,38.0
2017-08-07 05:10:00,706.1,866.1,668.4,640.9,984.3,823.5,8.9,37.2
2017-08-07 06:10:00,695.8,861.9,664.4,634.0,973.4,810.6,9.0,36.0
2017-08-07 07:10:00,712.7,940.5,687.3,656.5,1069.3,844.1,9.1,37.4
2017-08-07 08:10:00,874.4,1140.8,869.9,811.2,1218.6,977.8,8.9,42.0
2017-08-07 09:10:00,1046.6,1302.3,954.3,871.2,1271.5,1061.8,9.0,46.2
2017-08-07 10:10:00,1053.7,1361.2,993.7,864.6,1283.3,1065.8,9.1,48.2
2017-08-07 11:10:00,1081.5,1425.9,1060.1,890.8,1327.5,1114.2,11.6,49.8
2017-08-07 12:10:00,1088.7,1421.8,977.4,852.0,1329.8,1079.0,7.1,50.2
2017-08-07 13:10:00,1085.0,1463.8,1112.2,902.1,1329.6,1128.3,16.2,48.7
2017-08-07 14:10:00,1095.6,1490.8,1156.6,923.2,1332.9,1139.3,16.5,48.3
2017-08-07 15:10:00,1095.2,1480.3,1142.0,915.9,1314.1,1119.6,12.9,48.3
2017-08-07 16:10:00,1088.5,1468.4,1146.4,918.7,1293.9,1105.5,10.7,46.9
2017-08-07 17:10:00,1089.1,1407.3,1046.8,886.4,1271.6,1074.7,8.9,48.0
2017-08-07 18:10:00,1084.8,1385.6,1057.3,902.7,1245.1,1059.3,8.8,48.3
2017-08-07 19:10:00,1095.0,1412.6,1110.7,913.5,1251.5,1088.0,8.8,51.9
2017-08-07 20:10:00,1087.6,1371.1,1069.5,897.2,1243.5,1088.6,8.8,52.4
2017-08-07 21:10:00,1069.8,1353.0,1025.2,883.2,1242.5,1058.8,8.7,51.2
2017-08-07 22:10:00,1049.4,1305.0,958.3,852.3,1249.9,1058.3,8.6,50.8
2017-08-07 23:10:00,1049.5,1249.4,976.1,856.1,1180.2,1060.9,9.0,48.4
2017-08-08 00:10:00,1046.7,1159.7,841.0,822.4,1137.3,1004.8,7.1,45.1
2017-08-08 01:10:00,977.6,1100.9,783.6,778.8,1115.7,961.5,7.1,42.9
2017-08-08 02:10:00,944.5,1046.4,693.5,750.1,1128.2,935.9,7.1,40.9
2017-08-08 03:10:00,889.8,979.6,637.1,725.4,1111.6,901.6,7.1,38.9
2017-08-08 04:10:00,856.9,964.1,624.6,702.8,1097.5,880.6,7.1,38.6
2017-08-08 05:10:00,878.5,935.9,584.9,706.8,1068.0,857.8,7.0,38.0
2017-08-08 06:10:00,883.2,933.4,581.9,701.6,1051.3,851.6,7.1,36.8
2017-08-08 07:10:00,880.9,980.9,593.1,706.4,1128.8,886.4,9.0,38.1
2017-08-08 08:10:00,982.7,1173.0,793.9,813.2,1250.6,1007.9,9.0,42.1
2017-08-08 09:10:00,1076.4,1327.6,976.8,891.7,1274.8,1071.3,8.9,46.3
2017-08-08 10:10:00,1080.3,1377.5,1018.5,890.6,1292.4,1084.5,9.0,47.7
2017-08-08 11:10:00,1086.7,1443.8,1117.9,903.1,1317.0,1140.1,13.9,48.5
2017-08-08 12:10:00,1089.0,1433.2,1008.8,855.6,1313.6,1082.7,7.8,47.6
2017-08-08 13:10:00,1090.7,1469.7,1136.6,910.2,1318.5,1131.1,14.0,48.8
2017-08-08 14:10:00,1103.8,1488.2,1156.0,923.7,1318.9,1131.4,13.9,49.2
2017-08-08 15:10:00,1097.8,1469.1,1133.2,919.5,1302.8,1109.1,12.8,48.9
2017-08-08 16:10:00,1091.2,1450.1,1128.2,919.9,1299.1,1109.3,8.3,47.5
2017-08-08 17:10:00,1091.8,1389.7,1033.7,893.2,1268.9,1071.8,7.8,47.4
2017-08-08 18:10:00,1076.3,1368.3,1035.8,889.8,1227.8,1041.3,7.5,48.0
2017-08-08 19:10:00,1078.4,1383.2,1109.4,914.0,1227.2,1079.8,11.2,49.2
2017-08-08 20:10:00,1082.2,1352.8,1058.2,893.5,1233.4,1084.3,7.8,51.1
2017-08-08 21:10:00,1088.5,1344.0,1000.2,873.7,1238.7,1065.9,7.6,51.5
2017-08-08 22:10:00,1070.8,1278.8,945.6,852.7,1211.1,1055.0,8.6,49.6
2017-08-08 23:10:00,1074.5,1237.3,935.9,851.5,1162.8,1042.7,6.6,48.2
2017-08-09 00:10:00,1055.3,1150.0,810.8,804.2,1128.4,1001.6,6.6,45.2
2017-08-09 01:10:00,1005.8,1090.3,730.3,769.4,1121.8,962.1,6.6,42.8
2017-08-09 02:10:00,971.6,1021.5,647.5,754.9,1105.6,914.3,6.6,40.6
2017-08-09 03:10:00,916.5,987.6,652.7,734.9,1077.2,890.7,6.6,39.8
2017-08-09 04:10:00,872.9,953.0,631.8,712.2,1072.4,880.3,6.6,38.2
2017-08-09 05:10:00,853.6,920.0,622.9,703.1,1032.0,854.2,6.5,37.6
2017-08-09 06:10:00,859.2,934.4,609.8,691.4,1038.0,851.3,6.6,36.6
2017-08-09 07:10:00,830.5,991.4,659.9,699.1,1105.7,873.9,6.6,38.2
2017-08-09 08:10:00,908.2,1165.8,894.8,827.9,1202.5,979.1,8.3,41.1
2017-08-09 09:10:00,1030.8,1317.2,987.5,872.4,1283.7,1075.6,8.3,45.1
2017-08-09 10:10:00,1048.3,1372.9,1006.3,871.9,1321.6,1092.6,8.3,47.0
2017-08-09 11:10:00,1084.6,1433.9,1075.4,893.1,1340.9,1132.6,8.2,49.5
2017-08-09 12:10:00,1085.7,1421.1,959.3,831.7,1343.1,1095.2,8.3,48.4
2017-08-09 13:10:00,1089.6,1470.7,1099.6,899.4,1343.1,1125.9,12.5,48.8
2017-08-09 14:10:00,1091.1,1488.8,1156.8,922.5,1324.6,1125.8,12.4,47.9
2017-08-09 15:10:00,1092.0,1471.2,1125.4,910.7,1321.7,1121.2,12.5,48.5
2017-08-09 16:10:00,1091.0,1457.7,1100.7,906.1,1313.1,1106.1,12.4,47.4
2017-08-09 17:10:00,1085.6,1403.3,1014.0,875.8,1292.2,1078.8,11.7,45.7
2017-08-09 18:10:00,1084.9,1376.0,996.1,869.3,1261.1,1059.7,9.3,46.4
2017-08-09 19:10:00,1094.4,1397.3,1070.5,899.2,1266.7,1097.5,12.6,50.3
2017-08-09 20:10:00,1087.8,1376.0,1052.7,890.9,1263.9,1096.1,9.4,50.8
2017-08-09 21:10:00,1081.5,1339.8,983.4,868.4,1258.1,1075.1,9.8,49.6
2017-08-09 22:10:00,1073.7,1293.7,938.6,855.7,1261.0,1082.7,7.5,48.7
2017-08-09 23:10:00,1050.5,1248.7,964.7,850.7,1187.7,1061.9,6.4,48.1
2017-08-10 00:10:00,1058.7,1163.1,818.6,800.1,1149.2,1025.1,6.4,44.6
2017-08-10 01:10:00,1037.1,1101.2,750.2,794.1,1128.4,983.9,6.4,42.8
2017-08-10 02:10:00,933.9,1034.6,701.6,746.3,1121.2,942.3,6.4,39.8
2017-08-10 03:10:00,900.3,1008.9,684.0,733.3,1110.8,920.3,6.4,39.1
2017-08-10 04:10:00,842.7,954.5,663.5,720.5,1081.4,881.2,6.4,37.6
2017-08-10 05:10:00,832.6,958.0,661.1,703.0,1087.1,890.2,6.4,36.0
2017-08-10 06:10:00,772.3,929.1,656.6,684.8,1072.1,859.1,6.3,34.2
2017-08-10 07:10:00,831.2,986.2,666.8,730.6,1124.7,877.8,6.2,34.2
2017-08-10 08:10:00,962.0,1171.8,881.3,831.0,1189.9,998.2,6.2,38.3
2017-08-10 09:10:00,1077.5,1333.6,1014.2,875.1,1244.6,1091.6,6.3,42.3
2017-08-10 10:10:00,1085.6,1380.2,979.9,860.7,1301.6,1088.4,6.3,44.1
2017-08-10 11:10:00,1085.9,1433.9,1063.7,874.2,1308.7,1117.7,13.2,45.6
2017-08-10 12:10:00,1080.6,1413.3,916.4,801.1,1334.1,1078.8,7.4,45.4
2017-08-10 13:10:00,1091.0,1466.7,1072.3,871.1,1334.9,1126.4,13.7,47.6
2017-08-10 14:10:00,1095.8,1480.1,1106.5,894.7,1328.8,1123.3,13.7,46.7
2017-08-10 15:10:00,1091.0,1459.8,1079.5,886.8,1326.2,1114.0,10.0,46.1
2017-08-10 16:10:00,1079.4,1443.2,1088.0,887.8,1290.2,1091.9,10.2,45.0
2017-08-10 17:10:00,1083.7,1401.2,1003.9,870.3,1288.8,1072.2,10.4,43.1
2017-08-10 18:10:00,1080.2,1383.8,1020.9,880.0,1251.7,1052.0,8.1,45.3
2017-08-10 19:10:00,1089.8,1411.8,1109.6,903.9,1262.0,1104.1,8.1,49.8
2017-08-10 20:10:00,1079.6,1380.9,1063.2,883.1,1252.4,1088.4,8.0,50.9
2017-08-10 21:10:00,1089.3,1356.1,966.5,856.2,1266.9,1067.6,8.0,50.8
2017-08-10 22:10:00,1054.3,1291.1,916.4,845.5,1260.3,1051.4,6.3,49.3
2017-08-10 23:10:00,1067.2,1267.6,916.4,822.6,1205.5,1058.4,6.3,46.7
2017-08-11 00:10:00,1050.4,1172.4,807.9,782.3,1146.8,1012.9,6.3,43.8
2017-08-11 01:10:00,952.8,1101.1,771.7,756.6,1124.4,955.9,6.3,41.6
2017-08-11 02:10:00,952.6,1039.8,715.6,737.1,1081.3,940.6,6.3,38.4
2017-08-11 03:10:00,903.9,1003.4,684.2,702.7,1061.2,912.0,6.3,37.5
2017-08-11 04:10:00,870.7,962.3,648.4,701.5,1061.6,887.1,6.3,36.1
2017-08-11 05:10:00,845.4,945.1,627.0,687.6,1068.5,878.6,6.3,36.0
2017-08-11 06:10:00,836.4,930.3,609.1,677.3,1058.5,867.7,6.3,34.9
2017-08-11 07:10:00,885.6,994.5,631.4,700.7,1102.6,896.7,8.0,35.7
2017-08-11 08:10:00,959.5,1173.5,850.3,817.1,1222.5,1010.5,8.3,39.5
2017-08-11 09:10:00,1077.1,1334.3,934.5,867.5,1301.6,1075.8,8.3,43.9
2017-08-11 10:10:00,1079.1,1368.1,963.6,861.5,1324.7,1100.8,8.3,45.4
2017-08-11 11:10:00,1088.9,1441.9,1083.2,901.9,1327.1,1119.7,11.6,47.3
2017-08-11 12:10:00,1085.9,1424.8,970.4,839.4,1333.2,1089.7,11.5,47.1
2017-08-11 13:10:00,1090.7,1475.0,1123.4,905.2,1330.5,1129.9,12.6,47.2
2017-08-11 14:10:00,1094.8,1491.5,1166.0,926.6,1333.6,1140.1,11.9,48.1
2017-08-11 15:10:00,1092.9,1471.4,1131.4,923.5,1322.8,1116.5,10.5,46.2
2017-08-11 16:10:00,1088.6,1455.3,1121.1,917.3,1303.7,1102.7,8.0,46.0
2017-08-11 17:10:00,1082.6,1383.8,1009.6,883.1,1277.6,1063.1,6.3,46.1
2017-08-11 18:10:00,1071.9,1346.1,1017.0,884.6,1242.5,1060.8,8.1,48.0
2017-08-11 19:10:00,1085.2,1374.3,1067.2,895.7,1252.2,1095.9,11.0,49.7
2017-08-11 20:10:00,1078.6,1343.7,1041.6,895.4,1248.7,1087.5,8.0,50.3
2017-08-11 21:10:00,1086.0,1322.1,1012.5,862.6,1199.8,1071.6,8.1,50.0
2017-08-11 22:10:00,1067.7,1260.9,948.6,854.8,1207.3,1066.1,6.3,48.2
2017-08-11 23:10:00,1068.7,1225.9,978.4,847.3,1114.8,1049.2,8.1,47.7
2017-08-12 00:10:00,1067.6,1166.3,896.3,824.7,1055.7,993.1,8.2,43.7
2017-08-12 01:10:00,989.8,1096.3,835.0,777.7,1053.4,971.1,8.2,41.3
2017-08-12 02:10:00,985.5,1035.5,771.8,758.3,1000.0,933.0,8.1,38.7
2017-08-12 03:10:00,985.8,1006.2,676.4,729.3,1008.6,904.5,6.3,37.0
2017-08-12 04:10:00,990.4,965.2,609.2,724.0,1014.0,894.5,6.3,36.2
2017-08-12 05:10:00,969.2,938.9,597.5,724.0,1004.1,878.3,6.3,35.9
2017-08-12 06:10:00,969.7,931.4,567.8,705.4,967.2,838.7,6.3,35.4
2017-08-12 07:10:00,966.7,947.6,545.6,713.4,1021.5,842.3,6.3,36.8
2017-08-12 08:10:00,991.6,1006.5,617.5,742.9,1073.3,900.3,6.3,39.0
2017-08-12 09:10:00,1032.5,1075.7,711.8,774.0,1083.6,941.9,6.2,42.6
2017-08-12 10:10:00,1027.2,1146.2,794.0,782.6,1109.8,964.5,6.0,43.7
2017-08-12 11:10:00,1038.0,1212.6,911.5,814.2,1131.3,1012.9,6.0,47.0
2017-08-12 12:10:00,1055.4,1258.1,919.2,819.6,1147.1,1003.4,6.1,46.8
2017-08-12 13:10:00,1067.9,1286.9,950.6,825.8,1159.7,1028.8,10.8,47.6
2017-08-12 14:10:00,1069.6,1277.4,977.2,838.6,1149.9,1044.4,10.7,47.1
2017-08-12 15:10:00,1083.8,1269.1,924.7,818.6,1138.9,1023.6,10.7,46.8
2017-08-12 16:10:00,1081.1,1238.5,923.6,828.6,1106.2,1004.6,8.0,47.1
2017-08-12 17:10:00,1067.2,1209.4,881.9,798.8,1054.5,954.9,6.0,46.5
2017-08-12 18:10:00,1084.6,1210.4,887.0,801.5,1048.4,966.4,6.0,47.6
2017-08-12 19:10:00,1106.4,1252.3,988.2,823.5,1049.1,1029.2,10.8,49.5
2017-08-12 20:10:00,1113.5,1257.4,980.9,832.3,1059.6,1025.2,10.8,49.8
2017-08-12 21:10:00,1115.7,1251.7,963.9,834.7,1065.6,1019.5,10.8,50.2
2017-08-12 22:10:00,1088.2,1207.1,930.8,822.7,1064.8,1016.4,10.8,48.4
2017-08-12 23:10:00,1080.2,1177.4,930.5,799.5,998.7,996.5,10.7,46.8
2017-08-13 00:10:00,1034.2,1112.3,887.9,782.9,985.7,975.4,7.9,45.1
2017-08-13 01:10:00,1025.4,1067.4,778.8,763.0,985.8,924.6,7.9,43.0
2017-08-13 02:10:00,951.0,1006.9,740.6,729.1,982.0,904.9,7.8,40.6
2017-08-13 03:10:00,947.8,957.9,667.1,704.8,954.8,876.5,7.6,38.1
2017-08-13 04:10:00,960.2,925.4,611.6,695.2,923.0,842.6,6.0,37.8
2017-08-13 05:10:00,878.5,887.8,617.8,678.5,938.9,837.6,6.0,37.3
2017-08-13 06:10:00,861.3,889.7,591.2,664.4,943.8,812.5,6.0,35.7
2017-08-13 07:10:00,913.8,892.7,554.7,678.2,944.6,811.0,6.0,37.2
2017-08-13 08:10:00,936.7,938.5,592.2,667.1,961.8,851.6,5.9,39.3
2017-08-13 09:10:00,988.2,984.7,643.3,681.4,969.7,899.7,5.9,41.3
2017-08-13 10:10:00,1026.6,1060.2,695.1,703.6,988.9,910.2,5.9,42.3
2017-08-13 11:10:00,1048.4,1109.5,776.6,735.7,974.7,916.5,5.9,43.8
2017-08-13 12:10:00,1032.8,1164.1,878.7,742.1,986.0,951.2,5.9,46.0
2017-08-13 13:10:00,1077.5,1200.2,856.8,756.7,1032.4,969.5,7.4,47.7
2017-08-13 14:10:00,1069.4,1204.4,873.0,746.4,1019.8,972.3,7.9,46.9
2017-08-13 15:10:00,1013.6,1161.5,860.7,752.9,1017.8,939.7,7.9,45.9
2017-08-13 16:10:00,1010.8,1148.8,860.7,754.9,994.7,924.6,5.9,43.8
2017-08-13 17:10:00,1024.6,1152.5,863.4,755.3,979.9,921.6,5.9,44.5
2017-08-13 18:10:00,1079.9,1166.0,851.8,764.9,951.1,912.7,5.9,45.1
2017-08-13 19:10:00,1117.8,1196.3,905.2,804.2,984.9,969.7,10.2,47.9
2017-08-13 20:10:00,1135.9,1230.9,905.2,796.2,1008.9,983.8,9.9,49.0
2017-08-13 21:10:00,1124.3,1222.0,917.7,797.3,1005.6,989.8,10.0,48.4
2017-08-13 22:10:00,1121.3,1202.9,910.1,806.2,1014.3,998.9,10.1,47.9
2017-08-13 23:10:00,1089.5,1145.7,883.6,767.1,962.3,982.7,5.8,45.8
2017-08-14 00:10:00,1022.8,1083.1,831.5,747.3,968.4,953.5,6.0,44.8
2017-08-14 01:10:00,956.9,1015.8,768.8,726.3,954.8,902.0,5.9,42.4
2017-08-14 02:10:00,924.3,967.0,744.4,689.3,907.0,885.7,5.9,39.6
2017-08-14 03:10:00,869.6,917.5,701.4,676.1,907.6,853.2,5.9,37.6
2017-08-14 04:10:00,848.5,897.8,682.4,668.1,895.5,829.4,5.9,37.1
2017-08-14 05:10:00,835.7,871.1,653.0,654.9,888.5,821.3,7.4,37.4
2017-08-14 06:10:00,811.1,893.3,651.2,655.2,923.5,809.2,7.5,35.8
2017-08-14 07:10:00,804.4,950.8,643.7,660.9,1040.2,848.1,6.9,35.6
2017-08-14 08:10:00,925.1,1162.9,862.9,807.5,1194.3,979.1,7.1,40.0
2017-08-14 09:10:00,1161.7,1321.0,898.0,854.1,1245.0,1091.3,7.1,45.2
2017-08-14 10:10:00,1163.6,1376.0,963.3,858.7,1252.8,1104.6,6.9,47.3
2017-08-14 11:10:00,1188.9,1435.7,1008.2,880.5,1303.0,1141.9,7.1,49.0
2017-08-14 12:10:00,1181.4,1430.3,933.5,828.6,1276.2,1090.0,7.0,49.2
2017-08-14 13:10:00,1203.7,1479.7,1022.5,896.2,1324.0,1136.8,10.9,48.3
2017-08-14 14:10:00,1205.3,1490.7,1049.0,909.2,1319.9,1136.8,10.7,48.2
2017-08-14 15:10:00,1202.8,1477.2,1027.0,909.8,1320.7,1125.9,10.6,48.3
2017-08-14 16:10:00,1192.4,1457.0,1005.5,904.3,1308.2,1107.9,10.5,47.4
2017-08-14 17:10:00,1173.7,1400.7,925.1,865.0,1273.2,1064.2,5.8,47.9
2017-08-14 18:10:00,1180.1,1367.3,919.6,874.6,1219.4,1034.0,5.8,48.8
2017-08-14 19:10:00,1182.4,1385.0,983.5,901.8,1243.3,1079.0,8.5,51.8
2017-08-14 20:10:00,1164.4,1357.5,962.1,885.6,1236.0,1075.8,8.6,52.3
2017-08-14 21:10:00,1170.3,1335.6,933.7,857.3,1193.9,1062.5,8.6,51.0
2017-08-14 22:10:00,1172.8,1271.2,897.5,841.2,1147.7,1063.0,7.8,50.5
2017-08-14 23:10:00,1130.4,1238.8,912.5,840.9,1118.0,1040.7,7.9,48.3
2017-08-15 00:10:00,1079.6,1146.1,800.8,787.4,1088.9,999.1,7.8,44.5
2017-08-15 01:10:00,992.0,1085.5,774.8,769.4,1094.4,969.0,5.8,43.1
2017-08-15 02:10:00,984.8,1040.3,716.3,734.7,1042.6,933.8,5.8,40.7
2017-08-15 03:10:00,946.1,986.3,680.4,731.0,1021.1,897.0,5.8,39.1
2017-08-15 04:10:00,928.6,966.0,672.0,702.7,992.2,891.0,5.9,38.9
2017-08-15 05:10:00,895.7,928.4,633.5,700.6,1002.7,871.6,5.8,37.1
2017-08-15 06:10:00,866.5,924.1,639.7,693.7,1013.5,870.7,5.8,37.1
2017-08-15 07:10:00,880.0,990.7,639.9,709.4,1111.5,898.3,5.8,38.8
2017-08-15 08:10:00,962.6,1183.8,860.2,823.3,1218.4,997.6,5.6,42.2
2017-08-15 09:10:00,1091.5,1332.2,954.8,893.4,1314.7,1098.0,7.8,45.2
2017-08-15 10:10:00,1126.9,1392.0,978.9,894.4,1329.4,1108.1,7.4,48.1
2017-08-15 11:10:00,1140.1,1450.8,1053.4,905.3,1333.9,1129.8,7.6,49.1
2017-08-15 12:10:00,1139.5,1435.9,935.3,847.4,1353.9,1102.3,7.5,50.6
2017-08-15 13:10:00,1148.8,1480.3,1080.3,912.7,1348.7,1148.2,12.8,49.4
2017-08-15 14:10:00,1151.7,1491.7,1108.4,929.4,1340.4,1143.9,13.2,48.7
2017-08-15 15:10:00,1143.4,1472.5,1088.2,921.3,1329.8,1131.3,12.3,48.6
2017-08-15 16:10:00,1140.5,1452.1,1091.8,916.8,1296.4,1120.1,7.4,47.2
2017-08-15 17:10:00,720.0,1179.1,1092.9,830.6,1270.6,1037.5,8.4,44.8
2017-08-15 18:10:00,730.4,1082.9,890.2,800.0,1246.7,948.2,7.0,43.2
2017-08-15 19:10:00,758.0,1205.1,989.1,796.4,1260.7,966.3,7.6,47.6
2017-08-15 20:10:00,790.8,1205.2,1005.2,795.9,1250.0,1005.7,7.5,46.7
2017-08-15 21:10:00,854.7,1252.3,1039.3,808.0,1253.9,1044.3,7.3,50.7
2017-08-15 22:10:00,896.7,1257.3,1014.1,812.3,1270.7,1069.6,7.5,49.8
2017-08-15 23:10:00,923.4,1230.9,966.0,816.4,1260.9,1060.8,5.7,48.0
2017-08-16 00:10:00,973.5,1146.4,784.3,783.5,1223.8,1013.1,5.7,44.4
2017-08-16 01:10:00,950.1,1073.4,695.9,763.0,1192.9,966.6,5.7,41.5
2017-08-16 02:10:00,947.0,1008.0,643.0,745.1,1152.5,954.8,5.7,40.3
2017-08-16 03:10:00,936.4,987.7,615.0,708.8,1098.6,920.2,5.8,39.0
2017-08-16 04:10:00,910.3,938.6,596.4,695.9,1054.5,894.3,5.7,38.0
2017-08-16 05:10:00,938.8,922.3,555.5,694.9,1037.6,883.3,5.7,37.2
2017-08-16 06:10:00,907.2,929.7,553.2,675.9,1020.0,845.2,5.7,35.3
2017-08-16 07:10:00,954.1,985.7,578.3,705.7,1081.4,891.4,5.7,36.7
2017-08-16 08:10:00,1034.8,1164.1,822.2,810.8,1175.5,1021.8,5.6,41.3
2017-08-16 09:10:00,1161.4,1331.6,905.4,875.1,1260.4,1079.6,5.7,46.6
2017-08-16 10:10:00,1157.3,1379.8,962.3,884.4,1281.5,1094.7,5.4,47.5
2017-08-16 11:10:00,1192.7,1446.6,1012.2,905.3,1322.3,1134.6,8.2,49.1
2017-08-16 12:10:00,1184.5,1440.9,943.3,848.5,1320.4,1114.3,5.4,50.0
2017-08-16 13:10:00,1209.5,1481.1,1037.6,910.6,1331.7,1148.0,9.5,48.5
2017-08-16 14:10:00,1211.6,1486.1,1056.6,922.3,1332.5,1153.9,9.7,48.1
2017-08-16 15:10:00,1207.7,1448.7,1013.9,918.2,1319.7,1136.7,9.6,47.2
2017-08-16 16:10:00,1213.3,1431.4,974.2,915.4,1308.9,1112.7,9.6,46.5
2017-08-16 17:10:00,1192.4,1381.4,917.4,866.2,1256.8,1077.1,5.4,47.3
2017-08-16 18:10:00,1200.7,1368.7,902.3,847.4,1233.1,1076.6,5.4,48.8
2017-08-16 19:10:00,1205.0,1378.0,965.1,898.3,1229.8,1081.7,9.3,51.1
2017-08-16 20:10:00,1199.1,1366.3,923.9,876.4,1229.9,1069.7,9.1,49.6
2017-08-16 21:10:00,1170.8,1319.3,888.3,854.9,1230.9,1071.9,6.9,50.8
2017-08-16 22:10:00,1174.5,1264.9,867.7,831.0,1137.5,1040.0,5.4,49.2
2017-08-16 23:10:00,1167.6,1236.4,877.0,826.1,1112.9,1051.8,5.4,48.5
2017-08-17 00:10:00,1111.9,1145.4,776.1,803.0,1104.7,1005.1,5.4,44.5
2017-08-17 01:10:00,1022.5,1084.9,782.5,759.0,1038.0,962.4,5.4,42.2
2017-08-17 02:10:00,940.5,1033.0,753.1,733.5,1036.4,929.0,5.4,39.9
2017-08-17 03:10:00,901.2,990.7,700.4,716.3,1037.5,898.8,5.4,38.7
2017-08-17 04:10:00,881.5,954.3,622.1,704.2,1057.4,870.6,5.4,37.3
2017-08-17 05:10:00,866.2,941.3,599.9,700.3,1064.7,859.2,5.4,35.4
2017-08-17 06:10:00,851.0,938.5,597.1,683.9,1047.2,842.4,5.4,35.9
2017-08-17 07:10:00,915.2,999.6,605.7,696.3,1079.3,874.4,6.7,36.6
2017-08-17 08:10:00,990.0,1172.0,824.1,811.8,1197.9,994.7,6.7,40.1
2017-08-17 09:10:00,1133.3,1320.6,885.1,867.2,1291.1,1083.5,6.7,44.9
2017-08-17 10:10:00,1152.7,1371.4,913.4,887.4,1318.9,1086.4,6.9,46.8
2017-08-17 11:10:00,1190.7,1439.0,1000.9,911.2,1322.1,1125.9,10.2,47.8
2017-08-17 12:10:00,1184.5,1421.7,902.5,850.1,1329.9,1103.0,6.7,48.9
2017-08-17 13:10:00,1203.2,1468.8,1021.4,921.4,1342.1,1139.7,11.6,48.4
2017-08-17 14:10:00,1207.8,1477.2,1047.0,932.6,1336.1,1145.4,11.7,47.3
2017-08-17 15:10:00,1209.0,1451.8,1008.1,929.5,1325.3,1126.3,11.8,46.6
2017-08-17 16:10:00,1211.5,1434.0,985.3,926.9,1309.7,1105.8,6.8,46.7
2017-08-17 17:10:00,1208.7,1392.8,900.3,878.8,1284.8,1082.1,6.8,46.9
2017-08-17 18:10:00,1198.4,1374.4,921.0,882.0,1256.1,1076.4,5.4,48.2
2017-08-17 19:10:00,1202.5,1398.9,967.7,903.6,1269.7,1092.8,7.2,51.7
2017-08-17 20:10:00,1194.4,1361.6,925.2,890.4,1264.0,1087.8,6.8,50.7
2017-08-17 21:10:00,1186.4,1319.9,868.6,859.8,1263.4,1095.8,7.0,49.9
2017-08-17 22:10:00,1158.2,1254.5,862.7,839.0,1178.5,1065.2,7.0,47.7
2017-08-17 23:10:00,1175.4,1219.2,818.6,838.3,1172.7,1067.9,5.4,46.7
2017-08-18 00:10:00,1116.5,1141.6,746.6,811.6,1155.9,1027.0,5.4,44.1
2017-08-18 01:10:00,1103.6,1063.8,671.1,783.9,1102.9,993.9,5.4,41.6
2017-08-18 02:10:00,1042.5,1029.7,630.6,755.3,1103.1,956.9,5.4,39.9
2017-08-18 03:10:00,980.5,981.1,625.9,742.7,1073.2,922.9,5.4,38.3
2017-08-18 04:10:00,913.1,945.9,614.6,716.5,1068.6,902.1,5.4,37.2
2017-08-18 05:10:00,872.6,926.5,616.3,703.7,1060.4,889.1,5.4,35.4
2017-08-18 06:10:00,853.2,923.4,613.7,688.3,1053.5,877.9,5.4,36.2
2017-08-18 07:10:00,883.9,969.1,638.0,705.5,1077.2,893.3,5.4,36.7
2017-08-18 08:10:00,946.0,1104.9,791.9,790.4,1171.4,979.2,5.2,40.1
2017-08-18 09:10:00,1149.4,1315.8,873.0,888.6,1326.7,1103.7,5.4,46.3
2017-08-18 10:10:00,1166.9,1376.1,909.8,885.4,1343.3,1116.3,5.4,47.6
2017-08-18 11:10:00,1189.3,1434.4,989.4,911.9,1363.7,1156.1,9.9,49.9
2017-08-18 12:10:00,1188.4,1416.2,878.2,850.4,1355.5,1111.1,5.4,49.8
2017-08-18 13:10:00,1213.4,1455.3,1032.1,910.5,1328.8,1164.1,7.8,52.3
2017-08-18 14:10:00,1216.1,1458.0,1056.9,925.3,1327.0,1175.9,10.3,51.0
2017-08-18 15:10:00,1213.5,1438.3,1018.5,912.2,1311.2,1152.3,10.2,50.5
2017-08-18 16:10:00,1216.2,1421.8,986.0,909.5,1298.2,1131.1,10.1,48.1
2017-08-18 17:10:00,1200.0,1364.2,901.0,861.9,1257.3,1090.6,6.5,48.3
2017-08-18 18:10:00,1191.7,1341.4,893.5,858.1,1219.0,1062.7,6.3,48.3
2017-08-18 19:10:00,1192.0,1356.5,951.0,882.1,1230.8,1090.9,6.7,51.1
2017-08-18 20:10:00,1196.4,1330.8,902.6,865.8,1243.3,1100.4,6.7,52.0
2017-08-18 21:10:00,1193.2,1291.4,895.3,842.8,1174.3,1083.9,6.2,50.9
2017-08-18 22:10:00,1183.1,1248.3,885.6,821.8,1121.0,1073.6,5.3,51.3
2017-08-18 23:10:00,1134.1,1211.8,913.1,835.7,1102.3,1058.4,5.3,49.0
2017-08-19 00:10:00,1048.3,1121.5,840.3,795.0,1097.3,1029.0,5.3,45.6
2017-08-19 01:10:00,1011.4,1061.2,754.5,778.5,1099.2,987.4,5.3,43.2
2017-08-19 02:10:00,987.9,1011.5,673.3,750.1,1081.3,945.0,5.3,41.2
2017-08-19 03:10:00,959.7,971.7,631.7,737.2,1054.6,902.9,5.3,39.5
2017-08-19 04:10:00,919.5,932.2,601.6,724.3,1046.7,879.0,5.3,37.6
2017-08-19 05:10:00,904.5,914.6,576.8,712.8,1049.4,871.0,5.4,37.7
2017-08-19 06:10:00,830.2,881.6,579.0,706.0,1050.1,842.0,5.3,35.0
2017-08-19 07:10:00,848.8,907.5,592.0,693.7,1066.5,874.5,5.3,37.0
2017-08-19 08:10:00,795.1,972.2,771.4,741.8,1086.0,904.2,5.3,39.7
2017-08-19 09:10:00,850.9,1036.6,853.0,783.0,1094.2,941.9,5.3,41.9
2017-08-19 10:10:00,931.7,1126.8,877.4,799.7,1143.5,989.0,7.2,44.3
2017-08-19 11:10:00,994.6,1181.3,861.7,818.4,1188.4,1004.9,6.1,46.2
2017-08-19 12:10:00,1005.3,1214.8,863.3,809.5,1222.1,1023.8,5.0,47.7
2017-08-19 13:10:00,1025.7,1247.1,923.5,820.0,1225.6,1068.5,8.9,48.1
2017-08-19 14:10:00,1040.3,1240.1,895.4,836.1,1234.7,1055.2,9.5,48.5
2017-08-19 15:10:00,1027.0,1216.4,865.7,816.4,1233.5,1055.7,9.6,47.3
2017-08-19 16:10:00,997.1,1191.8,865.3,800.8,1200.1,1031.5,8.5,46.9
2017-08-19 17:10:00,971.6,1163.3,833.6,778.1,1176.6,998.8,5.0,46.5
2017-08-19 18:10:00,993.9,1178.6,825.8,767.8,1162.1,993.0,5.0,47.5
2017-08-19 19:10:00,1060.6,1209.0,869.9,810.4,1167.9,1037.2,9.8,51.6
2017-08-19 20:10:00,1064.7,1206.8,856.1,804.5,1171.4,1040.1,9.7,50.4
2017-08-19 21:10:00,1066.6,1200.2,883.1,801.3,1133.9,1041.2,9.6,50.6
2017-08-19 22:10:00,1051.8,1145.6,873.4,794.7,1097.5,1037.7,5.4,50.2
2017-08-19 23:10:00,994.2,1130.5,899.3,783.8,1080.7,1015.8,5.4,49.5
2017-08-20 00:10:00,1020.4,1074.2,768.6,742.6,1068.5,999.3,5.0,46.5
2017-08-20 01:10:00,1029.7,1011.3,686.2,738.1,1032.5,959.4,5.0,44.6
2017-08-20 02:10:00,986.9,958.3,637.2,720.4,1012.3,920.1,5.0,42.6
2017-08-20 03:10:00,974.3,914.8,564.0,679.9,996.3,904.4,5.0,40.4
2017-08-20 04:10:00,935.1,881.4,568.9,684.6,973.8,878.7,5.0,38.0
2017-08-20 05:10:00,877.6,860.9,567.7,660.5,982.4,873.1,5.0,38.1
2017-08-20 06:10:00,843.4,850.2,574.2,648.0,964.1,851.1,5.0,37.5
2017-08-20 07:10:00,833.0,860.6,580.5,644.4,982.9,857.5,5.0,38.8
2017-08-20 08:10:00,774.9,900.0,667.9,648.9,1004.5,863.2,4.8,40.1
2017-08-20 09:10:00,824.6,978.5,746.9,672.8,1026.4,910.3,4.9,41.1
2017-08-20 10:10:00,838.2,1029.9,829.5,687.2,1017.2,929.6,4.9,43.0
2017-08-20 11:10:00,916.0,1087.8,856.5,720.9,1040.1,963.0,4.9,45.7
2017-08-20 12:10:00,937.7,1136.1,882.4,732.8,1067.9,977.6,4.9,46.4
2017-08-20 13:10:00,985.2,1170.0,881.8,755.7,1089.8,989.9,6.5,47.8
2017-08-20 14:10:00,1005.3,1160.2,842.5,744.2,1079.2,982.3,6.4,46.7
2017-08-20 15:10:00,984.9,1158.6,856.7,749.1,1067.7,963.9,6.1,43.7
2017-08-20 16:10:00,977.1,1135.0,854.6,741.4,1028.6,947.6,6.5,42.9
2017-08-20 17:10:00,981.8,1137.4,840.2,725.4,1015.9,937.1,6.2,44.1
2017-08-20 18:10:00,967.6,1138.6,908.5,740.2,981.9,940.4,6.2,44.9
2017-08-20 19:10:00,1008.7,1169.0,962.1,783.1,999.7,978.8,8.6,48.2
2017-08-20 20:10:00,1040.4,1192.1,958.3,797.6,1007.5,976.2,8.5,48.8
2017-08-20 21:10:00,1043.9,1185.3,961.9,809.8,1034.6,1004.4,8.6,49.6
2017-08-20 22:10:00,1040.3,1150.9,898.0,795.1,1059.7,1010.1,6.3,48.3
2017-08-20 23:10:00,1043.3,1120.3,861.3,751.9,995.8,986.7,6.1,47.7
2017-08-21 00:10:00,946.9,1053.8,858.2,739.5,1000.5,973.6,5.9,44.6
2017-08-21 01:10:00,966.0,992.9,760.3,722.0,964.1,939.7,6.0,41.8
2017-08-21 02:10:00,914.0,937.7,725.2,692.3,951.6,926.7,6.1,40.2
2017-08-21 03:10:00,884.2,895.8,675.8,680.7,929.4,881.8,6.0,37.1
2017-08-21 04:10:00,858.2,876.7,657.4,672.9,930.6,865.7,6.0,36.9
2017-08-21 05:10:00,854.9,861.4,627.2,651.7,912.1,850.4,6.3,37.1
2017-08-21 06:10:00,829.7,852.6,613.0,651.3,913.8,823.8,5.9,34.8
2017-08-21 07:10:00,885.5,947.2,623.7,675.0,1021.4,878.3,6.0,36.2
2017-08-21 08:10:00,1000.4,1145.0,852.1,797.2,1130.1,1006.6,5.9,39.8
2017-08-21 09:10:00,1143.1,1300.5,894.2,843.5,1227.3,1084.3,6.3,42.7
2017-08-21 10:10:00,1180.1,1364.5,926.1,861.2,1258.0,1100.3,6.3,44.4
2017-08-21 11:10:00,1202.6,1430.5,990.8,889.0,1271.9,1110.6,9.7,45.0
2017-08-21 12:10:00,1187.7,1412.0,931.7,844.5,1262.2,1086.1,5.0,44.1
2017-08-21 13:10:00,1200.0,1460.7,1050.1,912.2,1298.4,1137.8,9.7,47.5
2017-08-21 14:10:00,1216.2,1479.6,1065.3,938.6,1307.2,1132.6,9.8,47.7
2017-08-21 15:10:00,1210.2,1459.0,1049.9,932.7,1295.6,1127.5,9.7,46.3
2017-08-21 16:10:00,1212.6,1437.5,1013.7,924.1,1302.4,1131.2,9.8,45.6
2017-08-21 17:10:00,1197.1,1379.8,903.2,856.3,1273.4,1097.2,5.9,46.3
2017-08-21 18:10:00,1193.5,1352.7,899.6,863.5,1244.5,1078.9,5.9,48.3
2017-08-21 19:10:00,1198.1,1365.4,963.4,897.7,1262.0,1115.5,6.1,51.0
2017-08-21 19:50:00,1201.4,1343.4,925.1,881.4,1257.8,1114.1,5.9,51.3
2017-08-21 20:10:00,1199.5,1340.0,910.1,871.1,1256.6,1109.6,5.9,51.4
2017-08-21 21:10:00,1196.1,1291.2,898.0,846.3,1182.9,1095.7,5.9,49.7
2017-08-21 21:20:00,1196.1,1291.2,898.0,846.3,1182.9,1095.7,5.9,49.7
2017-08-21 22:10:00,1169.7,1238.0,895.8,831.0,1131.1,1083.4,3.7,47.9
2017-08-21 23:10:00,1158.9,1187.2,863.5,838.8,1112.8,1066.6,3.4,45.9
2017-08-22 00:10:00,1079.4,1105.1,822.8,797.0,1064.7,1025.9,3.4,42.4
2017-08-22 01:10:00,1024.7,1051.9,760.3,765.9,1056.4,987.0,3.4,40.0
2017-08-22 02:10:00,962.1,994.2,701.6,740.3,1051.2,945.8,3.4,38.0
2017-08-22 03:10:00,929.7,955.3,659.6,724.9,1050.1,926.1,3.4,36.5
2017-08-22 04:10:00,882.3,916.3,613.3,695.0,1037.8,889.9,3.4,35.6
2017-08-22 05:10:00,891.6,895.3,572.7,686.4,1042.2,892.2,3.4,36.0
2017-08-22 06:10:00,889.9,882.5,574.0,702.8,1019.6,865.9,3.4,35.6
2017-08-22 07:10:00,928.1,926.9,580.8,718.2,1044.9,879.1,5.6,35.2
2017-08-22 08:10:00,941.0,1051.4,765.5,795.1,1130.0,960.9,7.2,36.2
2017-08-22 09:10:00,1135.5,1256.7,881.7,879.8,1222.9,1071.3,8.1,40.4
2017-08-22 10:10:00,1178.3,1307.0,908.3,878.3,1209.5,1080.1,11.0,41.6
2017-08-22 11:10:00,1198.6,1351.2,960.2,909.1,1220.5,1087.6,11.4,42.8
2017-08-22 12:10:00,1190.6,1348.5,903.2,856.3,1188.1,1047.3,11.4,41.2
2017-08-22 13:10:00,1221.9,1390.6,985.8,911.3,1246.1,1121.9,11.1,41.1
2017-08-22 14:10:00,1225.8,1392.4,1006.5,926.9,1240.3,1123.1,11.0,41.2
2017-08-22 15:10:00,1232.4,1388.2,987.4,927.7,1212.3,1085.1,11.0,42.0
2017-08-22 16:10:00,1223.3,1375.4,966.6,922.1,1237.2,1096.5,8.6,41.7
2017-08-22 17:10:00,1193.6,1328.7,909.2,891.7,1204.0,1052.1,9.0,43.4
2017-08-22 18:10:00,1168.1,1309.4,922.8,888.6,1193.4,1050.2,8.8,44.9
2017-08-22 19:10:00,1195.8,1322.5,917.2,897.3,1191.0,1048.9,8.7,44.1
2017-08-22 20:10:00,1212.1,1308.0,883.8,883.5,1183.8,1051.6,8.2,44.8
2017-08-22 21:10:00,1202.7,1273.1,882.5,867.9,1125.0,1034.6,8.0,42.7
2017-08-22 22:10:00,1108.1,1201.8,879.7,829.0,1092.6,1016.9,8.1,40.9
2017-08-22 23:10:00,1107.0,1175.3,883.9,838.7,1045.3,993.1,8.7,37.9
2017-08-23 00:10:00,1104.5,1112.2,767.0,797.6,1029.9,964.6,8.5,35.5
2017-08-23 01:10:00,1061.4,1044.1,709.1,765.2,992.6,928.5,8.2,33.6
2017-08-23 02:10:00,943.0,979.3,705.6,742.4,1002.4,905.6,8.3,32.0
2017-08-23 03:10:00,885.1,934.4,679.0,724.4,994.7,876.6,7.7,31.1
2017-08-23 04:10:00,863.7,912.2,666.9,713.3,963.9,847.2,8.5,30.2
2017-08-23 05:10:00,837.3,901.5,666.9,691.9,949.7,838.1,8.1,30.5
2017-08-23 06:10:00,820.8,897.7,671.4,692.5,942.4,826.6,12.2,30.0
2017-08-23 07:10:00,874.0,956.4,665.9,710.0,1008.5,861.4,11.2,31.7
2017-08-23 08:10:00,911.0,1080.7,802.2,777.4,1092.8,922.1,9.2,35.1
2017-08-23 09:10:00,1106.5,1259.6,876.2,862.2,1185.4,1017.4,10.7,39.6
2017-08-23 10:10:00,1183.2,1333.5,917.8,888.7,1188.0,1035.5,11.3,42.5
2017-08-23 11:10:00,1227.9,1391.3,947.0,916.3,1237.2,1069.5,9.9,44.7
2017-08-23 12:10:00,1193.0,1354.1,915.3,868.8,1193.0,1044.5,9.7,43.5
2017-08-23 13:10:00,1220.9,1397.0,989.1,908.8,1215.1,1084.4,9.5,44.2
2017-08-23 14:10:00,1229.6,1410.5,985.8,906.8,1214.5,1076.3,8.0,44.3
2017-08-23 15:10:00,1237.0,1400.3,961.5,896.0,1209.7,1077.3,10.1,44.7
2017-08-23 16:10:00,1230.6,1387.1,951.0,881.6,1204.3,1083.6,10.5,44.1
2017-08-23 17:10:00,1209.6,1332.7,892.5,854.2,1179.7,1058.3,6.8,43.5
2017-08-23 18:10:00,1202.0,1311.6,891.8,852.9,1158.9,1050.7,7.1,44.6
2017-08-23 19:10:00,1187.8,1326.1,943.4,857.3,1178.5,1088.3,9.5,47.6
2017-08-23 20:10:00,1168.4,1291.8,930.6,851.4,1159.1,1072.4,5.0,47.5
2017-08-23 21:10:00,1179.9,1261.1,894.3,832.8,1119.5,1058.2,5.0,46.6
2017-08-23 22:10:00,1126.1,1197.9,882.6,801.1,1063.5,1034.0,5.2,44.4
2017-08-23 23:10:00,1075.0,1165.5,879.1,794.0,1070.7,1027.3,5.2,43.1
2017-08-24 00:10:00,1018.4,1095.8,817.6,771.1,1050.9,985.5,5.1,39.7
2017-08-24 01:10:00,977.5,1030.1,772.5,751.1,1011.7,950.2,6.6,36.8
2017-08-24 02:10:00,939.4,971.1,719.5,714.7,978.7,922.9,6.4,35.4
2017-08-24 03:10:00,865.8,922.7,713.5,699.3,965.5,895.1,6.7,34.4
2017-08-24 04:10:00,861.8,905.6,655.6,695.5,965.1,854.6,6.7,33.4
2017-08-24 05:10:00,821.7,884.6,660.8,681.8,971.2,860.3,6.7,33.7
2017-08-24 06:10:00,792.2,881.0,638.0,668.9,985.6,839.5,6.4,32.8
2017-08-24 07:10:00,843.8,964.1,655.3,695.6,1065.2,876.5,6.7,34.7
2017-08-24 08:10:00,914.6,1150.8,868.3,809.0,1181.5,973.1,6.3,37.7
2017-08-24 09:10:00,1096.6,1286.7,905.6,872.5,1235.9,1043.2,6.5,42.2
2017-08-24 10:10:00,1145.1,1352.5,940.7,878.7,1237.6,1053.6,6.1,44.8
2017-08-24 11:10:00,1163.9,1399.7,1017.3,906.8,1251.5,1087.9,8.7,47.0
2017-08-24 12:10:00,1142.4,1381.0,933.3,856.2,1254.2,1054.8,8.7,46.7
2017-08-24 13:10:00,1164.0,1427.0,1091.3,915.1,1239.2,1115.5,13.0,49.9
2017-08-24 14:10:00,1187.8,1429.3,1064.9,914.6,1249.0,1121.9,10.9,46.7
2017-08-24 15:10:00,1179.5,1401.3,1019.2,900.2,1221.4,1077.6,6.4,47.4
2017-08-24 16:10:00,1159.6,1379.4,1022.5,902.1,1208.5,1070.1,6.1,45.3
2017-08-24 17:10:00,1158.5,1337.6,929.8,870.7,1214.7,1057.0,6.2,43.9
2017-08-24 18:10:00,1159.2,1323.7,927.9,873.6,1191.7,1042.6,6.6,45.5
2017-08-24 19:10:00,1157.2,1328.0,943.7,864.1,1180.5,1048.3,5.9,46.9
2017-08-24 20:10:00,1132.0,1299.8,914.5,850.6,1188.2,1043.5,5.9,46.8
2017-08-24 21:10:00,1111.2,1259.9,895.4,801.6,1121.3,1026.2,6.4,46.5
2017-08-24 22:10:00,1035.2,1208.5,907.1,771.4,1077.4,1001.5,6.4,44.7
2017-08-24 23:10:00,993.0,1164.0,889.7,774.8,1085.8,993.4,6.3,42.7
2017-08-25 00:10:00,996.0,1082.8,772.7,743.8,1058.9,967.6,6.3,39.7
2017-08-25 01:10:00,929.8,1030.7,745.0,722.8,1031.7,924.4,9.0,37.6
2017-08-25 02:10:00,836.4,956.0,716.0,690.4,1022.9,902.7,9.2,35.3
2017-08-25 03:10:00,820.9,913.4,680.1,679.4,986.1,868.2,8.0,34.1
2017-08-25 04:10:00,798.2,899.2,672.1,676.2,985.9,855.5,8.4,33.6
2017-08-25 05:10:00,798.0,884.9,667.7,668.7,957.1,844.3,8.3,33.2
2017-08-25 06:10:00,768.5,878.4,669.4,653.9,968.2,849.9,8.3,32.2
2017-08-25 07:10:00,839.5,928.3,640.7,686.4,1022.7,862.1,8.0,34.1
2017-08-25 08:10:00,908.2,1072.8,771.7,755.0,1128.5,951.4,8.1,37.2
2017-08-25 09:10:00,1064.0,1255.9,895.4,842.6,1231.8,1058.8,8.1,41.9
2017-08-25 10:10:00,1088.9,1329.0,927.3,841.9,1286.6,1095.7,8.1,44.3
2017-08-25 11:10:00,1116.9,1381.3,1000.4,870.1,1283.0,1113.2,11.0,46.6
2017-08-25 12:10:00,1111.3,1386.7,927.9,822.8,1296.7,1087.9,7.4,45.9
2017-08-25 13:10:00,1115.4,1415.6,1017.4,858.0,1302.4,1126.2,12.1,47.5
2017-08-25 14:10:00,1126.8,1438.0,1049.8,877.6,1314.2,1140.7,12.4,47.0
2017-08-25 15:10:00,1125.6,1413.8,1019.9,875.5,1298.6,1119.2,12.3,47.7
2017-08-25 16:10:00,1162.9,1403.7,983.6,873.1,1285.8,1115.2,7.0,47.2
2017-08-25 17:10:00,1145.2,1350.2,889.4,836.1,1255.3,1063.9,6.3,46.1
2017-08-25 18:10:00,1132.0,1308.0,895.2,839.6,1218.4,1058.4,6.3,45.8
2017-08-25 19:10:00,1148.1,1302.6,929.5,861.3,1216.9,1086.9,6.3,50.0
2017-08-25 20:10:00,1141.3,1277.8,908.9,838.0,1198.5,1090.2,6.3,49.1
2017-08-25 21:10:00,1108.7,1237.6,885.2,809.8,1156.4,1060.4,6.3,48.8
2017-08-25 22:10:00,1068.3,1196.8,883.6,798.4,1129.9,1047.7,8.1,46.9
2017-08-25 23:10:00,1069.9,1159.3,857.1,806.2,1094.2,1019.6,8.0,44.2
2017-08-26 00:10:00,993.5,1114.2,830.7,792.2,1091.4,976.5,8.8,41.5
2017-08-26 01:10:00,941.9,1045.0,737.8,758.3,1110.0,955.2,8.2,39.4
2017-08-26 02:10:00,936.5,981.5,680.7,728.7,1028.1,905.4,8.0,37.7
2017-08-26 03:10:00,921.7,944.6,666.0,722.1,975.4,868.2,8.0,36.2
2017-08-26 04:10:00,897.4,912.5,663.4,704.1,947.7,865.5,8.7,35.0
2017-08-26 05:10:00,894.3,895.2,624.9,694.2,939.9,844.1,8.5,34.1
2017-08-26 06:10:00,849.3,862.8,614.1,691.3,937.6,821.7,8.3,33.6
2017-08-26 07:10:00,887.1,893.8,588.7,681.5,952.4,827.1,8.4,34.0
2017-08-26 08:10:00,878.5,950.3,700.4,724.4,1000.6,876.9,8.0,35.9
2017-08-26 09:10:00,917.2,1043.4,797.1,764.2,1061.4,936.8,7.8,39.1
2017-08-26 10:10:00,923.8,1102.0,834.6,774.4,1108.7,958.8,8.1,40.1
2017-08-26 11:10:00,970.0,1166.4,871.8,803.9,1134.5,971.7,8.2,42.5
2017-08-26 12:10:00,985.0,1198.2,874.3,815.7,1152.6,963.3,8.2,42.9
2017-08-26 13:10:00,1030.6,1221.4,890.0,831.8,1142.2,975.9,10.7,44.4
2017-08-26 14:10:00,1048.0,1237.1,903.9,844.8,1153.2,990.9,10.7,43.1
2017-08-26 15:10:00,1008.4,1213.5,920.0,854.5,1149.3,976.1,11.0,44.5
2017-08-26 16:10:00,1003.8,1192.9,869.1,828.4,1144.3,959.8,8.0,44.1
2017-08-26 17:10:00,955.1,1168.1,877.3,793.6,1109.9,942.1,6.1,44.7
2017-08-26 18:10:00,974.1,1162.2,882.1,802.1,1085.3,937.2,6.1,45.9
2017-08-26 19:10:00,993.7,1185.1,925.3,842.2,1119.8,974.2,10.8,48.2
2017-08-26 20:10:00,997.3,1179.9,920.6,843.4,1109.5,967.8,10.7,47.0
2017-08-26 21:10:00,1004.1,1181.8,931.0,843.2,1095.6,969.9,10.9,46.8
2017-08-26 22:10:00,1000.6,1172.5,922.0,825.3,1070.6,960.6,11.0,45.6
2017-08-26 23:10:00,938.5,1133.9,913.1,804.5,1060.8,941.2,10.9,43.6
2017-08-27 00:10:00,910.1,1083.0,874.5,790.5,1045.5,926.0,10.9,41.5
2017-08-27 01:10:00,876.8,999.6,763.3,741.9,1015.8,882.2,6.1,38.4
2017-08-27 02:10:00,864.0,956.0,700.2,717.3,1001.0,860.6,6.1,37.5
2017-08-27 03:10:00,867.5,927.2,666.7,706.0,956.4,827.1,6.1,36.4
2017-08-27 04:10:00,869.8,895.3,585.8,693.5,977.5,814.8,6.1,35.5
2017-08-27 05:10:00,876.9,872.9,523.5,677.4,981.1,801.5,6.1,35.8
2017-08-27 06:10:00,851.6,837.2,518.8,667.7,945.9,782.7,6.0,34.9
2017-08-27 07:10:00,873.9,866.2,526.1,672.2,954.6,786.2,6.0,35.9
2017-08-27 08:10:00,836.9,913.0,602.2,673.0,989.4,810.6,6.0,38.0
2017-08-27 09:10:00,804.6,953.8,649.2,682.3,1050.7,835.5,5.9,38.7
2017-08-27 10:10:00,825.4,1036.1,745.9,689.5,1062.0,873.3,6.2,40.6
2017-08-27 11:10:00,848.5,1079.8,804.9,728.3,1078.8,888.1,6.1,42.2
2017-08-27 12:10:00,895.6,1120.8,825.1,725.8,1090.9,929.7,8.2,43.4
2017-08-27 13:10:00,913.3,1146.0,858.5,740.7,1098.1,947.1,8.2,44.4
2017-08-27 14:10:00,917.5,1142.3,865.1,755.6,1096.9,945.0,8.2,44.9
2017-08-27 15:10:00,918.9,1134.2,832.9,740.1,1079.7,920.8,8.3,44.6
2017-08-27 16:10:00,889.1,1109.5,822.2,718.9,1065.4,911.2,6.3,43.3
2017-08-27 17:10:00,873.4,1088.6,822.1,714.8,1062.3,917.0,6.2,43.5
2017-08-27 18:10:00,919.0,1096.0,810.1,723.1,1083.5,953.5,6.2,46.2
2017-08-27 19:10:00,911.4,1121.0,825.2,732.6,1099.1,945.3,10.9,47.6
2017-08-27 20:10:00,948.6,1118.0,808.5,723.6,1081.2,958.5,9.2,47.3
2017-08-27 21:10:00,959.7,1118.0,816.6,743.9,1068.6,945.1,9.5,47.4
2017-08-27 22:10:00,937.4,1103.6,819.2,732.5,1055.6,938.0,7.8,45.9
2017-08-27 23:10:00,914.4,1058.4,817.9,727.4,999.5,910.2,8.3,44.1
2017-08-28 00:10:00,861.4,996.4,738.7,691.9,995.0,872.9,8.0,41.7
2017-08-28 01:10:00,855.5,935.7,677.5,662.3,962.2,866.8,8.4,38.8
2017-08-28 02:10:00,810.0,885.0,634.9,653.7,945.8,821.0,6.2,37.3
2017-08-28 03:10:00,797.7,847.3,558.7,629.1,947.8,797.5,6.2,36.4
2017-08-28 04:10:00,785.8,837.8,546.8,629.9,962.8,798.5,6.2,35.4
2017-08-28 05:10:00,786.0,818.7,518.5,624.6,959.7,792.0,6.2,35.1
2017-08-28 06:10:00,747.0,819.0,526.2,607.9,956.2,775.9,7.9,34.5
2017-08-28 07:10:00,779.7,876.2,568.0,639.5,1010.0,815.6,8.0,34.4
2017-08-28 08:10:00,883.6,1056.5,745.0,745.5,1125.1,921.1,7.6,38.2
2017-08-28 09:10:00,1044.9,1256.0,879.9,827.2,1248.0,1054.0,8.1,43.7
2017-08-28 10:10:00,1061.2,1326.0,929.9,844.3,1298.0,1081.5,8.1,45.4
2017-08-28 11:10:00,1106.0,1385.5,997.6,869.8,1316.2,1127.3,10.8,48.1
2017-08-28 12:10:00,1085.4,1373.4,917.3,817.1,1316.4,1087.8,7.3,48.1
2017-08-28 13:10:00,1113.0,1421.0,1057.8,887.0,1307.2,1132.6,10.9,48.3
2017-08-28 14:10:00,1125.6,1437.9,1083.6,902.3,1311.5,1142.4,10.9,48.9
2017-08-28 15:10:00,1126.2,1425.0,1065.6,894.0,1303.2,1138.4,10.9,48.4
2017-08-28 16:10:00,1125.9,1416.3,1049.7,881.9,1292.5,1134.2,10.9,46.6
2017-08-28 17:10:00,1124.3,1358.5,946.1,842.8,1261.7,1093.4,8.0,45.4
2017-08-28 18:10:00,1123.7,1323.3,915.0,860.0,1243.3,1057.6,6.0,47.0
2017-08-28 19:10:00,1119.7,1311.0,923.8,875.9,1256.7,1069.2,5.9,50.1
2017-08-28 20:10:00,1112.3,1278.2,876.8,855.3,1241.3,1053.6,5.9,49.3
2017-08-28 21:10:00,1088.2,1247.1,878.1,838.2,1195.7,1034.1,5.9,48.6
2017-08-28 22:10:00,1053.0,1201.1,864.4,816.5,1161.7,1022.4,7.5,46.6
2017-08-28 23:10:00,1072.5,1168.1,867.9,817.8,1088.3,1006.8,8.0,43.9
2017-08-29 00:10:00,1014.7,1091.2,797.2,782.3,1055.4,959.7,6.7,40.7
2017-08-29 01:10:00,952.9,1026.7,727.4,758.6,1063.1,926.4,7.0,38.8
2017-08-29 02:10:00,898.2,973.2,701.7,729.9,1028.5,895.5,6.8,36.6
2017-08-29 03:10:00,820.9,934.5,699.2,705.1,1018.7,870.5,6.9,35.6
2017-08-29 04:10:00,798.4,910.1,678.3,698.3,1020.1,861.2,6.7,34.0
2017-08-29 05:10:00,784.2,886.0,643.6,685.1,1018.3,847.4,6.4,33.9
2017-08-29 06:10:00,774.6,895.6,640.0,664.6,1012.0,839.5,6.6,33.6
2017-08-29 07:10:00,791.7,945.9,647.7,669.7,1070.2,866.4,6.6,34.3
2017-08-29 08:10:00,929.8,1154.5,855.2,808.8,1191.9,980.9,6.4,39.0
2017-08-29 09:10:00,1087.9,1306.3,903.4,873.7,1296.5,1071.4,6.8,43.2
2017-08-29 10:10:00,1103.4,1349.6,922.2,881.8,1313.3,1070.7,7.6,44.4
2017-08-29 11:10:00,1121.8,1427.5,1020.5,910.6,1342.7,1111.6,10.5,45.8
2017-08-29 12:10:00,1106.4,1407.8,916.7,849.1,1354.2,1082.3,7.7,45.9
2017-08-29 13:10:00,1126.8,1457.8,1042.3,906.4,1348.0,1118.3,10.6,45.2
2017-08-29 14:10:00,1136.6,1471.6,1073.5,919.6,1357.3,1141.4,10.6,45.3
2017-08-29 15:10:00,1140.5,1456.7,1055.2,921.4,1341.3,1124.0,10.6,45.4
2017-08-29 16:10:00,1146.0,1437.3,1034.9,917.7,1324.2,1116.2,10.6,44.5
2017-08-29 17:10:00,1141.9,1372.7,935.3,881.3,1292.1,1077.7,5.9,43.5
2017-08-29 18:10:00,1135.4,1345.2,905.1,874.3,1287.8,1068.7,5.9,46.0
2017-08-29 19:10:00,1145.5,1350.2,952.0,889.1,1289.0,1106.5,8.4,49.1
2017-08-29 20:10:00,1130.2,1323.6,940.2,875.1,1271.7,1103.5,8.2,48.1
2017-08-29 21:10:00,1131.4,1294.7,892.8,848.0,1253.0,1094.9,8.3,47.7
2017-08-29 22:10:00,1105.3,1241.5,882.3,819.4,1191.8,1080.9,8.2,45.9
2017-08-29 23:10:00,1087.0,1197.6,872.9,819.3,1156.2,1062.7,7.3,43.8
2017-08-30 00:10:00,1010.3,1120.9,781.2,783.9,1160.0,1011.5,5.9,41.2
2017-08-30 01:10:00,994.9,1039.3,684.2,750.2,1101.7,958.1,5.9,39.2
2017-08-30 02:10:00,970.4,993.6,628.2,719.4,1082.8,936.7,5.9,37.7
2017-08-30 03:10:00,912.1,940.2,598.1,697.6,1063.0,905.7,5.8,35.6
2017-08-30 04:10:00,908.7,913.4,569.0,698.5,1047.1,883.4,5.9,35.4
2017-08-30 05:10:00,881.4,899.2,552.2,682.9,1046.1,869.2,5.9,34.4
2017-08-30 06:10:00,874.5,897.0,544.3,671.6,1042.4,864.4,5.9,34.2
2017-08-30 07:10:00,898.9,950.9,554.3,691.0,1114.2,896.2,5.8,35.1
2017-08-30 08:10:00,964.2,1156.3,775.7,793.8,1255.1,1011.3,5.8,39.5
2017-08-30 09:10:00,1088.0,1291.4,880.9,866.3,1313.6,1089.3,8.0,43.5
2017-08-30 10:10:00,1110.8,1354.5,910.2,868.3,1342.4,1104.2,8.1,44.5
2017-08-30 11:10:00,1124.2,1410.5,1001.6,884.3,1365.0,1157.4,8.0,46.5
2017-08-30 12:10:00,1107.7,1373.5,913.3,836.6,1346.4,1119.1,8.1,46.4
2017-08-30 13:10:00,1136.0,1415.2,996.2,904.1,1352.2,1130.1,10.7,45.7
2017-08-30 14:10:00,1143.8,1422.5,1028.6,913.9,1325.0,1126.9,10.6,44.9
2017-08-30 15:10:00,1141.1,1396.3,1008.5,913.0,1306.2,1113.1,10.1,43.4
2017-08-30 16:10:00,1136.7,1374.6,976.5,909.3,1290.9,1086.8,9.8,43.0
2017-08-30 17:10:00,1115.8,1322.7,903.4,865.4,1275.7,1070.2,5.9,42.5
2017-08-30 18:10:00,1105.0,1308.7,917.2,867.7,1259.5,1065.3,5.8,46.0
2017-08-30 19:10:00,1111.6,1326.5,979.9,897.8,1266.1,1093.3,9.3,49.1
2017-08-30 20:10:00,1106.0,1304.6,918.6,870.0,1272.0,1082.5,9.1,48.6
2017-08-30 21:10:00,1112.3,1272.5,881.6,862.2,1260.2,1080.7,8.6,47.3
2017-08-30 22:10:00,1074.3,1215.5,879.8,834.7,1188.0,1055.3,8.7,45.4
2017-08-30 23:10:00,1083.2,1193.4,874.1,833.1,1156.0,1049.5,7.0,44.2
2017-08-31 00:10:00,1027.1,1088.1,757.6,789.2,1123.0,995.2,6.1,41.3
2017-08-31 01:10:00,1027.9,1044.4,703.6,755.6,1071.4,969.5,5.9,39.4
2017-08-31 02:10:00,984.5,972.6,618.6,732.3,1055.6,922.2,5.9,37.4
2017-08-31 03:10:00,967.6,949.3,623.6,705.6,1019.9,924.8,5.9,37.3
2017-08-31 04:10:00,924.8,910.1,603.9,696.6,998.7,891.0,5.9,35.7
2017-08-31 05:10:00,910.9,911.2,602.0,680.6,992.5,883.8,5.9,35.6
2017-08-31 06:10:00,901.1,910.3,578.8,679.9,1005.0,865.5,5.9,35.0
2017-08-31 07:10:00,925.2,949.8,580.4,692.8,1046.3,879.9,5.8,35.2
2017-08-31 08:10:00,996.8,1136.4,828.3,799.6,1138.2,993.8,5.8,39.3
2017-08-31 09:10:00,1133.4,1281.5,886.8,862.7,1237.0,1075.8,5.8,43.0
2017-08-31 10:10:00,1157.6,1338.9,918.6,866.1,1244.1,1079.7,8.0,43.8
2017-08-31 11:10:00,1169.4,1392.7,1004.6,883.1,1259.7,1121.4,7.4,43.9
2017-08-31 12:10:00,1172.4,1365.1,860.5,818.1,1256.6,1070.8,7.3,42.7
2017-08-31 13:10:00,1177.3,1406.7,985.7,886.7,1256.5,1093.3,7.4,40.3
2017-08-31 14:10:00,1191.4,1413.5,997.3,889.3,1245.1,1101.2,10.2,40.1
2017-08-31 15:10:00,1179.6,1381.4,930.1,879.3,1270.0,1088.4,10.2,40.8
2017-08-31 16:10:00,1147.9,1357.5,933.5,878.2,1266.0,1081.6,10.2,40.2
2017-08-31 17:10:00,1134.3,1311.5,888.4,851.6,1245.2,1068.8,6.6,42.6
2017-08-31 18:10:00,1138.4,1305.9,889.1,862.6,1253.9,1078.3,10.2,44.8
2017-08-31 19:10:00,1141.3,1304.3,901.2,865.4,1256.0,1094.3,10.2,44.7
2017-08-31 20:10:00,1112.2,1276.3,892.8,848.2,1234.1,1074.9,5.5,45.3
2017-08-31 21:10:00,1100.6,1255.6,887.3,827.3,1212.3,1077.7,5.5,45.1
2017-08-31 22:10:00,1089.7,1189.2,892.4,801.8,1104.7,1058.6,5.5,42.8
2017-08-31 23:10:00,1030.2,1137.1,884.2,797.4,1091.6,1035.9,5.5,41.0
2017-09-01 00:10:00,994.9,1062.9,781.9,767.8,1082.0,995.5,5.6,38.1
2017-09-01 01:10:00,954.1,995.5,664.1,718.1,1088.4,962.7,5.7,36.0
2017-09-01 02:10:00,925.6,952.3,629.0,709.6,1055.1,918.7,5.7,34.7
2017-09-01 03:10:00,901.1,912.0,569.4,686.8,1048.1,892.7,5.6,32.8
2017-09-01 04:10:00,872.5,889.3,555.3,680.5,1043.9,875.0,5.7,32.6
2017-09-01 05:10:00,874.7,878.4,552.7,683.6,1018.7,856.8,5.7,33.1
2017-09-01 06:10:00,859.9,883.0,550.7,668.2,1015.8,849.0,6.2,32.5
2017-09-01 07:10:00,878.3,965.2,545.3,657.6,1105.6,880.7,8.2,33.9
2017-09-01 08:10:00,920.9,1107.8,762.2,800.1,1222.6,968.9,7.8,36.6
2017-09-01 09:10:00,1081.4,1245.7,826.4,852.4,1248.7,1030.5,10.4,38.3
2017-09-01 10:10:00,1094.7,1276.5,836.3,850.3,1266.5,1041.8,10.0,39.0
2017-09-01 11:10:00,1155.2,1312.9,849.4,876.4,1278.6,1064.6,10.5,39.9
2017-09-01 12:10:00,1052.7,1260.0,815.5,807.7,1244.6,1018.8,10.8,36.9
2017-09-01 13:10:00,1076.8,1285.6,869.5,854.9,1283.6,1063.7,10.7,36.5
2017-09-01 14:10:00,1099.1,1305.8,901.2,867.4,1276.8,1077.1,11.2,37.8
2017-09-01 15:10:00,1084.5,1281.5,878.2,859.7,1271.9,1064.4,8.9,37.8
2017-09-01 16:10:00,1076.4,1271.7,904.3,860.6,1246.7,1065.7,8.8,38.2
2017-09-01 17:10:00,1105.1,1245.4,824.6,828.5,1217.5,1044.1,8.6,37.8
2017-09-01 18:10:00,1111.0,1224.9,824.2,837.2,1205.5,1046.7,8.5,40.4
2017-09-01 19:10:00,1125.0,1222.8,843.4,846.6,1200.4,1067.2,8.5,40.6
2017-09-01 20:10:00,1122.1,1186.6,833.9,826.8,1141.6,1051.7,8.4,40.9
2017-09-01 21:10:00,1041.0,1146.0,826.8,800.3,1150.8,1039.3,8.1,41.2
2017-09-01 22:10:00,979.4,1090.7,824.3,778.2,1113.0,1017.4,8.2,38.5
2017-09-01 23:10:00,982.1,1058.3,807.0,779.7,1076.4,998.7,8.3,37.1
2017-09-02 00:10:00,924.3,981.0,737.5,757.5,1057.6,952.7,6.1,34.3
2017-09-02 01:10:00,921.7,946.0,646.3,717.8,1036.4,913.8,6.0,32.8
2017-09-02 02:10:00,845.7,887.0,638.7,699.2,1008.4,880.5,6.0,32.1
2017-09-02 03:10:00,837.9,867.8,588.0,670.2,997.8,859.9,6.0,31.7
2017-09-02 04:10:00,827.1,835.3,555.8,673.1,995.9,845.5,5.9,30.8
2017-09-02 05:10:00,849.1,842.2,517.3,659.0,1006.2,849.5,9.7,31.5
2017-09-02 06:10:00,824.6,817.7,514.0,655.9,999.2,839.6,5.7,30.3
2017-09-02 07:10:00,829.0,850.4,528.8,653.6,1008.8,836.5,5.6,31.8
2017-09-02 08:10:00,819.9,892.4,664.3,694.2,1013.8,883.5,5.7,33.6
2017-09-02 09:10:00,819.1,967.4,794.8,725.2,1037.1,928.4,5.7,35.8
2017-09-02 10:10:00,859.7,1016.1,813.0,766.7,1097.5,955.3,5.7,37.7
2017-09-02 11:10:00,936.8,1053.0,818.2,772.9,1117.4,1012.9,5.7,39.3
2017-09-02 12:10:00,937.3,1062.5,805.2,762.0,1106.2,990.0,5.8,40.0
2017-09-02 13:10:00,941.6,1055.1,810.9,790.8,1108.9,986.9,10.4,38.9
2017-09-02 14:10:00,939.8,1057.5,814.0,793.7,1119.6,994.0,10.4,38.7
2017-09-02 15:10:00,934.2,1046.0,817.4,788.3,1079.5,965.8,6.9,37.9
2017-09-02 16:10:00,900.2,1031.9,814.5,773.0,1081.2,959.7,7.2,38.4
2017-09-02 17:10:00,872.4,1034.2,814.5,739.3,1069.1,950.3,7.0,39.3
2017-09-02 18:10:00,890.7,1055.0,821.5,741.1,1083.4,964.3,7.1,42.3
2017-09-02 19:10:00,932.2,1062.6,808.9,755.5,1097.6,987.0,9.3,42.8
2017-09-02 20:10:00,934.9,1053.1,803.1,742.3,1082.6,992.0,9.6,42.8
2017-09-02 21:10:00,923.9,1031.6,799.8,752.6,1066.4,973.4,9.9,42.4
2017-09-02 22:10:00,907.8,980.5,800.8,727.2,998.5,967.6,8.5,40.3
2017-09-02 23:10:00,887.1,928.5,736.0,715.2,977.3,927.3,8.3,37.7
2017-09-03 00:10:00,841.8,892.6,699.2,689.2,974.2,906.5,8.3,35.3
2017-09-03 01:10:00,837.2,837.6,597.3,662.1,968.7,878.6,8.3,33.1
2017-09-03 02:10:00,790.1,806.6,578.6,651.7,965.0,851.5,8.0,31.8
2017-09-03 03:10:00,748.9,779.3,576.0,629.1,925.4,818.3,7.9,31.5
2017-09-03 04:10:00,764.2,772.3,566.4,616.6,894.7,811.4,6.2,31.0
2017-09-03 05:10:00,751.5,768.8,557.4,618.3,887.6,784.5,6.2,31.0
2017-09-03 06:10:00,746.4,763.4,559.5,613.0,875.5,780.1,6.2,31.2
2017-09-03 07:10:00,738.6,769.2,542.9,606.5,895.1,775.3,5.9,31.5
2017-09-03 08:10:00,750.5,811.3,596.2,619.0,931.4,820.4,6.0,33.4
2017-09-03 09:10:00,711.3,864.2,647.2,633.2,1015.5,846.7,5.9,35.8
2017-09-03 10:10:00,708.7,910.5,732.7,662.8,1041.8,877.9,6.0,38.0
2017-09-03 11:10:00,764.8,945.4,757.0,672.4,1060.1,929.6,5.8,40.2
2017-09-03 12:10:00,765.6,972.5,750.5,675.6,1102.1,935.4,5.7,40.4
2017-09-03 13:10:00,812.2,967.1,752.8,691.7,1063.0,934.6,5.6,40.3
2017-09-03 14:10:00,786.0,955.5,743.9,685.2,1060.1,916.9,7.7,40.1
2017-09-03 15:10:00,770.7,942.1,759.0,682.0,1041.9,917.1,7.7,38.3
2017-09-03 16:10:00,766.1,955.7,775.2,682.4,1039.5,912.2,7.9,38.4
2017-09-03 17:10:00,791.6,978.3,795.7,686.1,1019.5,910.2,7.8,40.0
2017-09-03 18:10:00,850.1,1010.7,813.0,717.9,1037.0,938.7,10.3,43.1
2017-09-03 19:10:00,897.8,1017.7,817.2,739.1,1047.2,972.3,10.2,43.3
2017-09-03 20:10:00,915.7,1017.3,813.3,735.8,1043.2,985.8,10.4,43.6
2017-09-03 21:10:00,969.0,1012.4,754.1,738.3,1044.5,980.5,6.9,43.4
2017-09-03 22:10:00,928.7,975.8,764.5,734.9,1032.1,979.1,7.1,42.7
2017-09-03 23:10:00,887.6,915.5,736.3,699.0,954.0,932.4,7.4,38.4
2017-09-04 00:10:00,808.5,855.6,673.6,677.8,982.1,900.1,6.3,37.0
2017-09-04 01:10:00,767.0,820.7,630.5,643.5,973.6,877.9,6.5,35.6
2017-09-04 02:10:00,780.8,771.4,513.2,620.6,967.5,842.4,6.5,33.7
2017-09-04 03:10:00,752.4,756.3,490.5,615.2,964.5,809.5,6.6,32.9
2017-09-04 04:10:00,773.4,743.2,481.7,605.6,945.3,826.4,6.8,32.1
2017-09-04 05:10:00,776.4,733.5,452.3,603.5,937.5,803.7,6.8,32.3
2017-09-04 06:10:00,821.5,764.4,451.7,603.4,940.5,820.8,6.8,32.0
2017-09-04 07:10:00,838.9,820.2,472.7,625.3,1013.3,855.0,8.7,33.1
2017-09-04 08:10:00,956.2,1018.4,639.6,754.2,1180.1,974.3,8.0,36.9
2017-09-04 09:10:00,1053.9,1171.7,783.6,829.5,1261.8,1064.7,7.9,41.2
2017-09-04 10:10:00,1083.6,1230.9,818.7,840.4,1284.6,1081.8,8.0,41.8
2017-09-04 11:10:00,1158.8,1281.2,848.9,870.7,1292.7,1116.8,12.1,43.7
2017-09-04 12:10:00,1142.9,1246.1,769.0,817.5,1265.7,1082.0,10.6,42.6
2017-09-04 13:10:00,1152.0,1284.7,884.2,873.1,1298.1,1145.1,13.1,44.5
2017-09-04 14:10:00,1159.2,1306.3,906.6,887.9,1304.6,1146.0,13.1,43.4
2017-09-04 15:10:00,1155.2,1297.3,916.8,882.8,1278.4,1135.2,7.8,42.9
2017-09-04 16:10:00,1151.2,1293.3,919.3,878.4,1250.9,1114.2,7.2,42.7
2017-09-04 17:10:00,1109.6,1255.2,894.2,843.8,1215.3,1085.2,7.2,42.2
2017-09-04 18:10:00,1100.0,1241.0,920.3,860.4,1179.3,1060.3,7.3,45.1
2017-09-04 19:10:00,1131.6,1242.2,923.1,873.4,1178.0,1082.2,10.5,45.5
2017-09-04 20:10:00,1121.7,1204.8,903.5,858.8,1155.5,1077.8,6.4,45.7
2017-09-04 21:10:00,1150.3,1166.4,842.3,822.2,1109.0,1073.9,6.7,45.7
2017-09-04 22:10:00,1097.7,1106.9,853.3,817.4,1050.6,1039.3,6.0,44.0
2017-09-04 23:10:00,1072.4,1075.1,856.8,793.8,987.6,1013.0,6.6,41.3
2017-09-05 00:10:00,1001.4,996.1,786.2,773.7,984.1,970.1,6.1,38.0
2017-09-05 01:10:00,978.6,920.1,691.1,743.7,955.4,931.9,5.9,35.3
2017-09-05 02:10:00,938.5,884.1,664.8,714.9,926.1,901.8,5.9,34.6
2017-09-05 03:10:00,882.9,860.2,628.0,680.1,942.6,885.9,5.8,33.1
2017-09-05 04:10:00,878.8,840.0,561.7,658.3,958.1,873.8,5.9,32.3
2017-09-05 05:10:00,868.4,839.8,570.1,666.4,974.4,879.3,5.9,33.2
2017-09-05 06:10:00,871.8,849.3,567.9,665.4,963.0,861.6,5.8,32.2
2017-09-05 07:10:00,898.5,911.9,561.1,670.4,1040.4,889.8,5.8,33.7
2017-09-05 08:10:00,935.2,1088.7,790.2,775.1,1156.2,985.6,5.5,37.6
2017-09-05 09:10:00,1105.0,1241.3,867.5,836.3,1215.5,1074.5,5.9,41.8
2017-09-05 10:10:00,1119.8,1291.5,906.2,841.4,1230.8,1085.6,5.7,44.1
2017-09-05 11:10:00,1139.6,1353.2,978.1,861.6,1258.0,1126.1,10.4,45.3
2017-09-05 12:10:00,1131.1,1324.3,879.0,814.9,1250.0,1087.9,8.3,41.4
2017-09-05 13:10:00,1140.8,1359.6,993.6,852.3,1247.1,1135.6,10.4,44.5
2017-09-05 14:10:00,1169.0,1373.6,979.5,865.5,1251.3,1126.1,10.5,45.0
2017-09-05 15:10:00,1166.8,1357.1,957.6,860.1,1247.1,1121.3,10.5,43.5
2017-09-05 16:10:00,1165.1,1346.9,939.1,854.6,1235.5,1105.0,10.5,43.7
2017-09-05 17:10:00,1170.6,1311.9,882.6,834.7,1206.2,1077.4,7.4,42.8
2017-09-05 18:10:00,1176.9,1291.2,870.1,834.1,1194.6,1077.3,6.8,45.8
2017-09-05 19:10:00,1173.5,1289.2,915.8,840.2,1194.9,1114.3,7.2,47.6
2017-09-05 20:10:00,1176.0,1261.5,873.4,834.5,1195.6,1107.0,7.3,49.2
2017-09-05 21:10:00,1156.1,1221.0,869.1,812.6,1144.1,1092.7,5.7,48.7
2017-09-05 22:10:00,1125.0,1156.8,849.7,799.3,1089.2,1067.8,5.7,45.7
2017-09-05 23:10:00,1129.9,1114.6,791.0,796.0,1079.7,1051.4,5.7,44.3
2017-09-06 00:10:00,1042.4,1027.1,740.0,758.2,1032.9,995.1,5.7,40.6
2017-09-06 01:10:00,1069.1,971.8,626.1,735.8,1018.0,972.7,5.7,38.6
2017-09-06 02:10:00,1083.9,927.8,532.7,700.7,983.6,946.3,10.2,35.7
2017-09-06 03:10:00,1078.1,893.1,480.1,688.0,972.0,919.7,5.7,35.0
2017-09-06 04:10:00,1017.8,879.9,485.5,674.3,980.9,900.9,5.7,34.7
2017-09-06 05:10:00,1003.7,865.5,458.2,672.7,990.0,885.4,5.6,34.0
2017-09-06 06:10:00,1012.1,876.7,467.9,664.7,980.2,890.1,5.6,34.4
2017-09-06 07:10:00,988.4,937.6,499.8,673.2,1068.0,915.6,5.6,35.3
2017-09-06 08:10:00,1043.8,1132.2,752.2,799.2,1173.9,1004.9,5.5,39.1
2017-09-06 09:10:00,1139.2,1273.6,894.7,865.6,1234.3,1094.1,7.3,42.2
2017-09-06 10:10:00,1159.8,1329.2,908.6,863.0,1261.0,1099.4,6.8,44.5
2017-09-06 11:10:00,1172.4,1389.4,1003.2,890.5,1293.6,1152.3,9.6,46.6
2017-09-06 12:10:00,1162.1,1365.6,885.0,832.4,1293.3,1101.8,5.5,46.1
2017-09-06 13:10:00,1197.7,1417.5,1009.9,892.5,1316.7,1177.7,11.4,47.9
2017-09-06 14:10:00,1197.2,1431.8,1040.3,907.8,1296.1,1159.1,11.7,46.6
2017-09-06 15:10:00,1193.9,1421.3,1005.2,897.5,1290.1,1135.3,11.0,46.2
2017-09-06 16:10:00,1190.9,1403.2,990.5,896.5,1286.0,1130.5,8.6,45.7
2017-09-06 17:10:00,1156.4,1357.1,922.2,857.9,1273.9,1099.5,7.0,45.0
2017-09-06 18:10:00,1131.8,1354.2,956.9,854.7,1256.2,1096.3,6.9,46.6
2017-09-06 19:10:00,1130.7,1343.1,992.3,884.1,1256.8,1110.9,6.8,48.6
2017-09-06 20:10:00,1133.6,1324.4,938.9,859.1,1258.3,1105.3,6.9,48.9
2017-09-06 21:10:00,1091.0,1282.0,920.4,838.3,1254.0,1103.4,6.9,48.5
2017-09-06 22:10:00,1083.1,1229.9,887.3,811.3,1189.8,1078.1,6.6,47.5
2017-09-06 23:10:00,1107.1,1189.6,822.1,799.2,1149.5,1050.2,5.5,45.2
2017-09-07 00:10:00,1021.8,1098.7,744.8,754.4,1151.2,1028.0,5.5,42.1
2017-09-07 01:10:00,1009.8,1035.3,648.4,718.2,1107.5,978.0,5.6,39.7
2017-09-07 02:10:00,1029.3,977.7,570.0,709.2,1061.4,941.4,5.5,37.9
2017-09-07 03:10:00,993.3,952.4,562.0,691.4,1033.4,913.1,5.5,37.3
2017-09-07 04:10:00,975.6,921.2,516.1,676.8,1036.8,899.5,5.5,36.5
2017-09-07 05:10:00,945.9,914.9,516.5,677.1,1045.7,885.1,5.5,36.5
2017-09-07 06:10:00,943.0,918.0,513.9,655.7,1029.6,883.3,5.4,34.9
2017-09-07 07:10:00,983.5,967.0,517.5,673.8,1065.4,893.3,5.3,37.6
2017-09-07 08:10:00,1004.5,1142.9,792.8,801.3,1181.0,998.7,5.3,40.8
2017-09-07 09:10:00,1100.5,1280.6,873.2,857.0,1287.7,1084.2,5.4,44.9
2017-09-07 10:10:00,1135.0,1336.5,897.9,868.7,1299.5,1086.4,5.4,46.3
2017-09-07 11:10:00,1151.5,1379.0,958.3,895.3,1317.1,1113.6,8.6,47.7
2017-09-07 12:10:00,1139.2,1356.1,857.6,838.7,1320.8,1081.0,5.4,47.3
2017-09-07 13:10:00,1161.3,1393.0,950.2,892.2,1324.4,1113.4,10.1,47.4
2017-09-07 14:10:00,1172.4,1409.0,982.2,916.9,1319.9,1112.4,9.9,46.1
2017-09-07 15:10:00,1174.5,1393.0,939.2,901.6,1321.4,1105.7,9.9,44.7
2017-09-07 16:10:00,1167.2,1383.5,930.3,894.5,1312.0,1096.5,10.0,44.9
2017-09-07 17:10:00,1135.8,1342.6,902.4,871.6,1273.9,1057.7,5.4,45.6
2017-09-07 18:10:00,1118.6,1344.5,955.9,868.3,1267.8,1088.5,8.6,49.6
2017-09-07 19:10:00,1140.7,1340.7,947.7,888.2,1279.2,1097.0,8.4,50.2
2017-09-07 20:10:00,1141.8,1317.6,904.0,855.9,1260.6,1091.1,8.3,50.4
2017-09-07 21:10:00,1144.3,1280.5,869.4,819.1,1204.2,1073.1,5.4,50.6
2017-09-07 22:10:00,1091.0,1215.7,878.0,807.6,1153.3,1055.8,5.4,48.6
2017-09-07 23:10:00,1073.5,1174.2,804.7,792.5,1145.7,1016.7,5.4,45.9
2017-09-08 00:10:00,1030.2,1089.7,718.6,772.3,1115.9,965.3,5.4,42.9
2017-09-08 01:10:00,1035.6,1019.7,595.9,736.1,1108.9,949.9,5.4,40.1
2017-09-08 02:10:00,986.5,958.6,574.5,696.2,1057.0,931.1,5.4,37.5
2017-09-08 03:10:00,937.1,926.5,575.6,690.7,1028.7,893.0,5.4,36.5
2017-09-08 04:10:00,928.8,909.2,564.8,681.8,1010.1,881.6,5.4,36.4
2017-09-08 05:10:00,939.8,892.0,537.1,674.9,997.0,876.4,5.4,36.0
2017-09-08 06:10:00,932.4,880.1,525.2,667.6,989.1,869.4,5.3,34.9
2017-09-08 07:10:00,971.5,963.7,537.9,678.9,1067.7,903.7,5.4,36.2
2017-09-08 08:10:00,985.3,1145.7,770.4,786.2,1225.4,1014.4,5.3,40.1
2017-09-08 09:10:00,1106.5,1279.5,867.9,860.3,1285.5,1081.8,5.4,43.7
2017-09-08 10:10:00,1158.3,1336.7,867.3,859.7,1290.8,1080.6,7.2,46.5
2017-09-08 11:10:00,1186.1,1373.7,918.5,878.0,1314.3,1127.8,8.4,47.7
2017-09-08 12:10:00,1139.8,1350.7,845.1,821.8,1308.6,1079.0,5.4,47.5
2017-09-08 13:10:00,1186.6,1396.4,931.2,870.6,1324.2,1129.5,5.4,51.0
2017-09-08 14:10:00,1196.2,1399.3,944.4,888.6,1343.5,1158.5,10.2,47.9
2017-09-08 15:10:00,1192.5,1361.7,898.1,879.9,1321.4,1129.0,7.0,48.2
2017-09-08 16:10:00,1186.2,1344.3,905.2,878.9,1285.8,1112.8,7.0,48.1
2017-09-08 17:10:00,1146.4,1311.6,853.0,840.9,1278.9,1085.7,5.4,45.6
2017-09-08 18:10:00,1162.5,1309.4,883.0,846.2,1234.1,1081.1,5.4,48.2
2017-09-08 19:10:00,1183.1,1300.0,925.7,859.9,1194.3,1101.4,6.8,48.5
2017-09-08 20:10:00,1164.8,1270.1,879.4,836.9,1187.7,1082.6,6.7,49.0
2017-09-08 21:10:00,1143.2,1229.2,862.5,801.6,1146.4,1080.4,6.6,47.4
2017-09-08 22:10:00,1138.4,1177.5,852.5,801.0,1080.9,1052.5,6.5,47.3
2017-09-08 23:10:00,1107.7,1141.7,860.0,798.7,1051.9,1040.8,6.9,45.3
2017-09-09 00:10:00,1032.3,1071.2,809.2,773.4,1033.8,993.4,5.4,42.6
2017-09-09 01:10:00,1010.3,997.3,698.5,735.1,1011.5,952.7,5.4,40.7
2017-09-09 02:10:00,1010.5,959.9,614.1,714.2,1007.1,923.9,5.4,39.0
2017-09-09 03:10:00,953.0,921.0,577.4,691.3,1009.3,895.2,5.4,37.6
2017-09-09 04:10:00,929.3,887.4,548.0,675.4,989.2,872.2,5.4,37.0
2017-09-09 05:10:00,898.5,871.8,537.4,676.5,994.2,850.6,5.4,36.5
2017-09-09 06:10:00,881.0,875.5,533.7,655.3,993.6,848.5,5.4,34.3
2017-09-09 07:10:00,894.8,890.5,533.2,666.1,1014.9,855.5,5.4,36.2
2017-09-11 10:10:00,1151.9,1289.9,885.0,832.7,1235.6,1112.5,5.2,42.6
2017-09-11 11:10:00,1183.8,1351.0,913.5,863.8,1296.0,1144.1,10.0,44.3
2017-09-11 12:10:00,1160.8,1338.0,866.7,800.5,1245.1,1095.3,5.2,44.0
2017-09-11 13:10:00,1190.2,1377.5,957.9,863.4,1288.0,1154.5,5.2,45.9
2017-09-11 14:10:00,1196.0,1379.6,970.2,875.0,1285.7,1156.8,5.2,45.7
2017-09-11 15:10:00,1153.6,1366.1,985.9,871.4,1273.5,1138.8,7.7,44.3
2017-09-11 16:10:00,1134.6,1349.1,992.7,866.8,1246.0,1120.9,7.6,44.1
2017-09-11 17:10:00,1111.4,1309.3,934.1,829.4,1224.3,1096.7,7.7,42.1
2017-09-11 18:10:00,1099.3,1309.7,966.6,849.4,1211.0,1080.6,7.6,44.8
2017-09-11 19:10:00,1113.8,1303.0,967.5,878.9,1240.0,1100.4,7.6,46.6
2017-09-11 20:10:00,1087.2,1278.8,941.0,858.8,1245.0,1097.2,7.7,46.1
2017-09-11 21:10:00,1070.5,1244.0,938.1,838.1,1183.4,1071.4,6.3,44.8
2017-09-11 22:10:00,1062.8,1173.9,886.4,808.1,1143.3,1072.7,6.4,44.2
2017-09-11 23:10:00,1025.2,1135.9,897.8,804.7,1104.5,1051.4,6.7,42.1
2017-09-12 00:10:00,877.8,1041.3,901.2,763.4,1064.6,1006.3,6.5,39.1
2017-09-12 01:10:00,860.0,989.8,804.5,722.0,1039.4,959.6,5.1,37.5
2017-09-12 02:10:00,877.8,952.8,700.7,705.2,1044.5,933.6,5.2,36.5
2017-09-12 03:10:00,874.5,904.7,654.5,692.5,1006.3,907.9,5.2,35.5
2017-09-12 04:10:00,893.8,887.9,615.9,679.4,971.0,884.4,5.2,34.1
2017-09-12 05:10:00,872.3,872.7,586.9,665.0,994.9,887.4,5.2,34.1
2017-09-12 06:10:00,856.5,874.0,583.2,669.3,990.3,858.2,5.1,33.6
2017-09-12 07:10:00,888.2,946.4,587.3,683.5,1082.0,898.9,5.2,33.9
2017-09-12 08:10:00,933.8,1134.4,839.3,791.7,1207.2,1021.5,5.1,37.8
2017-09-12 09:10:00,1059.2,1286.5,917.5,857.9,1285.6,1082.9,6.4,41.4
2017-09-12 10:10:00,1104.1,1333.8,938.7,866.3,1307.1,1113.2,6.4,43.0
2017-09-12 11:10:00,1127.5,1409.9,1002.3,886.4,1353.6,1148.5,6.4,45.0
2017-09-12 12:10:00,1123.4,1383.7,873.1,822.2,1361.2,1112.9,5.2,44.2
2017-09-12 13:10:00,1127.6,1410.6,973.4,868.2,1375.4,1161.3,9.9,46.2
2017-09-12 14:10:00,1136.4,1428.4,1008.5,881.0,1374.9,1174.2,9.9,46.0
2017-09-12 15:10:00,1138.5,1406.6,999.0,889.2,1362.5,1168.1,9.9,45.8
2017-09-12 16:10:00,1141.9,1389.7,986.5,892.4,1349.5,1161.2,9.9,44.6
2017-09-12 17:10:00,1134.7,1323.9,886.0,866.4,1323.1,1120.2,9.9,43.2
2017-09-12 18:10:00,1134.2,1325.5,928.6,877.9,1299.9,1123.1,9.1,45.4
2017-09-12 19:10:00,1140.8,1315.4,942.4,885.1,1314.2,1158.6,9.9,48.2
2017-09-12 20:10:00,1121.2,1291.2,918.8,869.8,1311.3,1148.4,5.7,47.6
2017-09-12 21:10:00,1104.3,1259.7,899.3,833.5,1259.2,1128.7,5.7,46.5
2017-09-12 22:10:00,1055.5,1185.8,889.3,803.2,1198.3,1115.0,5.7,44.8
2017-09-12 23:10:00,1047.2,1172.7,893.9,795.4,1165.2,1100.3,5.7,43.6
2017-09-13 00:10:00,971.4,1062.0,782.8,764.7,1158.8,1050.7,5.8,41.4
2017-09-13 01:10:00,973.9,993.8,679.0,734.1,1108.1,1000.1,5.7,38.7
2017-09-13 02:10:00,935.2,947.9,615.8,706.1,1110.1,975.0,5.5,37.5
2017-09-13 03:10:00,899.6,924.6,575.5,694.1,1112.2,937.9,5.7,36.4
2017-09-13 04:10:00,861.8,892.3,556.5,674.7,1099.3,921.1,5.9,35.5
2017-09-13 05:10:00,855.3,893.1,545.3,660.6,1090.8,908.0,5.6,35.3
2017-09-13 06:10:00,838.7,898.5,564.4,656.8,1090.7,909.3,5.5,34.7
2017-09-13 07:10:00,882.1,941.0,561.8,677.1,1130.7,926.6,5.1,34.9
2017-09-13 08:10:00,930.9,1123.7,795.3,774.7,1252.6,1047.7,5.0,37.8
2017-09-13 09:10:00,1119.9,1240.5,823.4,830.2,1282.0,1117.5,5.1,42.2
2017-09-13 10:10:00,1081.8,1269.1,868.9,834.1,1316.4,1126.4,5.1,42.6
2017-09-13 11:10:00,1136.3,1301.2,879.9,841.8,1338.3,1171.9,5.1,44.7
2017-09-13 12:10:00,1057.1,1240.6,802.9,766.3,1337.5,1152.0,5.1,43.8
2017-09-13 13:10:00,1110.4,1265.3,864.8,830.0,1356.2,1195.2,5.1,46.1
2017-09-13 14:10:00,1115.2,1278.6,900.2,843.6,1344.0,1199.2,7.9,45.8
2017-09-13 15:10:00,1108.0,1270.9,900.0,841.6,1313.7,1170.8,6.3,44.7
2017-09-13 16:10:00,1098.0,1258.5,885.2,822.0,1298.9,1163.7,6.3,44.3
2017-09-13 17:10:00,1065.6,1221.8,873.6,809.0,1245.6,1117.1,5.9,42.8
2017-09-13 18:10:00,1051.0,1217.2,885.5,802.2,1255.1,1132.1,6.2,46.3
2017-09-13 19:10:00,1062.4,1198.0,876.2,809.4,1256.6,1146.6,6.2,47.4
2017-09-13 20:10:00,1055.3,1176.5,837.9,794.0,1233.9,1115.7,6.2,47.1
2017-09-13 21:10:00,1028.6,1132.6,840.0,768.8,1193.6,1123.7,8.5,45.7
2017-09-13 22:10:00,1014.3,1071.0,829.4,728.7,1090.4,1098.9,7.5,43.0
2017-09-13 23:10:00,1004.0,1039.4,794.2,736.2,1080.7,1067.6,6.6,42.4
2017-09-14 00:10:00,899.0,954.0,745.2,702.9,1079.2,1033.1,6.4,39.8
2017-09-14 01:10:00,859.4,900.4,650.0,670.2,1078.2,985.4,5.9,37.5
2017-09-14 02:10:00,829.9,864.6,637.9,652.2,1048.9,969.7,5.9,36.1
2017-09-14 03:10:00,787.8,834.4,614.7,627.8,1017.5,928.6,5.8,34.9
2017-09-14 04:10:00,747.3,804.7,620.8,633.1,1007.9,909.6,5.0,33.6
2017-09-14 05:10:00,826.9,810.6,526.1,632.7,1023.4,903.7,5.0,34.5
2017-09-14 06:10:00,818.6,836.2,522.7,618.7,1049.8,907.5,5.0,33.6
2017-09-14 07:10:00,830.2,888.7,521.7,648.2,1132.8,917.1,5.0,35.8
2017-09-14 08:10:00,830.7,1041.4,769.1,745.3,1257.6,1036.5,4.9,39.2
2017-09-14 09:10:00,994.4,1146.8,834.1,813.2,1278.9,1110.5,5.0,41.9
2017-09-14 10:10:00,1006.4,1184.7,848.8,810.5,1295.8,1117.9,5.0,43.0
2017-09-14 11:10:00,1042.5,1219.8,879.5,829.5,1337.7,1168.3,5.0,47.0
2017-09-14 12:10:00,948.0,1169.7,867.1,778.4,1293.3,1120.6,5.0,44.6
2017-09-14 13:10:00,1016.4,1192.3,891.0,826.2,1320.3,1173.4,9.7,45.6
2017-09-14 14:10:00,1043.1,1189.7,892.0,848.5,1318.8,1180.6,9.7,44.8
2017-09-14 16:10:00,1044.5,1180.2,919.1,845.8,1260.0,1158.7,6.4,45.3
2017-09-14 17:10:00,1039.9,1163.1,874.5,820.0,1234.5,1128.5,6.3,43.5
2017-09-14 18:10:00,1048.8,1161.8,898.1,834.6,1218.5,1128.8,6.3,46.5
2017-09-14 19:10:00,1064.9,1150.5,887.7,837.2,1224.9,1148.8,6.3,47.1
2017-09-14 20:10:00,1040.5,1122.6,860.7,809.8,1201.4,1129.2,6.3,47.3
2017-09-14 21:10:00,1004.0,1081.4,851.1,783.2,1160.4,1111.2,6.6,46.2
2017-09-14 22:10:00,999.7,1011.7,849.5,765.8,1078.3,1111.5,6.5,45.1
2017-09-14 23:10:00,964.5,979.6,856.5,750.2,1042.9,1097.1,6.0,43.1
2017-09-15 00:10:00,917.7,900.2,716.4,721.5,1053.9,1032.3,6.1,40.1
2017-09-15 01:10:00,895.5,879.7,663.4,695.5,1041.6,993.1,5.8,38.0
2017-09-15 02:10:00,885.7,848.8,631.6,669.1,997.7,966.4,6.0,36.6
2017-09-15 03:10:00,869.4,822.2,577.6,644.1,995.2,945.3,5.1,35.7
2017-09-15 04:10:00,823.8,805.8,578.3,628.5,986.1,924.2,5.1,34.9
2017-09-15 05:10:00,826.4,816.0,557.2,615.4,989.2,911.6,5.1,34.9
2017-09-15 06:10:00,836.0,826.2,566.5,628.9,983.1,902.0,5.1,33.6
2017-09-15 07:10:00,862.0,870.1,574.5,647.9,1036.5,926.3,5.1,33.8
2017-09-15 08:10:00,943.5,1063.6,785.5,758.0,1163.9,1037.0,5.1,39.5
2017-09-15 09:10:00,1077.5,1178.2,838.3,813.2,1230.6,1117.0,5.1,43.1
2017-09-15 10:10:00,1108.0,1220.2,870.8,827.3,1220.2,1113.5,6.6,44.5
2017-09-15 11:10:00,1151.3,1276.2,900.2,847.1,1274.5,1160.7,6.1,48.0
2017-09-15 12:10:00,1140.7,1241.5,819.5,800.5,1249.9,1127.2,6.1,46.9
2017-09-15 13:10:00,1147.1,1269.7,917.1,853.6,1277.7,1180.1,9.8,48.2
2017-09-15 14:10:00,1155.5,1280.9,941.6,862.5,1272.2,1187.4,9.8,48.3
2017-09-15 15:10:00,1154.7,1278.2,922.9,862.1,1259.1,1159.8,9.8,46.5
2017-09-15 16:10:00,1145.4,1268.3,906.9,851.7,1244.0,1141.6,9.8,44.4
2017-09-15 17:10:00,1141.6,1230.9,833.2,823.1,1221.6,1102.4,5.0,45.1
2017-09-15 18:10:00,1140.7,1223.2,856.0,823.7,1194.3,1103.0,7.9,49.0
2017-09-15 19:10:00,1134.1,1198.8,853.0,827.6,1197.6,1117.9,7.9,48.3
2017-09-15 20:10:00,1133.0,1165.4,799.3,803.7,1193.7,1116.2,7.7,48.6
2017-09-15 21:10:00,1132.2,1137.6,764.6,785.5,1156.6,1087.1,5.0,48.1
2017-09-15 22:10:00,1122.7,1087.5,760.7,764.6,1099.1,1088.4,5.1,47.2
2017-09-15 23:10:00,1082.8,1052.2,758.3,765.5,1073.7,1057.6,5.0,44.7
2017-09-16 00:10:00,1004.8,998.1,694.2,732.5,1090.3,1026.5,9.8,42.1
2017-09-16 01:10:00,982.6,942.5,615.2,702.9,1064.1,985.8,8.9,39.7
2017-09-16 02:10:00,961.7,900.9,536.4,676.5,1065.5,953.3,5.1,38.0
2017-09-16 03:10:00,957.6,857.4,472.3,669.9,1036.6,908.0,5.0,36.2
2017-09-16 04:10:00,957.3,840.2,453.7,652.6,1004.8,891.9,5.0,36.0
2017-09-16 05:10:00,912.4,827.0,460.4,635.3,1007.9,887.2,5.0,36.2
2017-09-16 06:10:00,903.5,819.4,457.0,631.9,980.0,859.6,5.0,34.6
2017-09-16 07:10:00,935.5,833.2,452.0,650.0,1005.1,878.6,5.0,35.8
2017-09-16 08:10:00,896.6,913.6,588.1,689.9,1080.3,928.3,5.0,38.3
2017-09-16 09:10:00,911.1,985.8,692.4,715.8,1119.8,986.4,5.0,40.4
2017-09-16 10:10:00,987.5,1033.0,710.9,729.0,1121.4,1020.3,4.8,42.3
2017-09-16 11:10:00,1067.3,1090.4,730.2,770.0,1151.8,1048.3,4.9,45.5
2017-09-16 12:10:00,1064.9,1089.4,718.6,746.5,1146.8,1054.1,4.8,45.1
2017-09-16 13:10:00,1089.0,1114.2,756.1,777.2,1152.0,1067.5,7.5,45.7
2017-09-16 14:10:00,1064.3,1115.6,794.0,784.5,1160.3,1080.6,7.4,45.2
2017-09-16 15:10:00,1066.4,1105.1,758.9,794.5,1172.4,1061.8,7.3,43.6
2017-09-16 16:10:00,1056.7,1073.7,710.9,779.8,1170.8,1045.4,4.8,44.3
2017-09-16 17:10:00,1055.1,1055.3,702.8,752.3,1114.0,1024.1,4.8,45.0
2017-09-16 18:10:00,1063.0,1070.9,716.7,763.8,1131.6,1033.5,4.8,47.9
2017-09-16 19:10:00,1083.5,1078.5,718.9,768.4,1140.7,1054.7,5.9,47.5
2017-09-16 20:10:00,1071.7,1061.1,708.9,771.9,1145.7,1051.2,5.5,47.7
2017-09-16 21:10:00,1069.0,1048.0,723.0,754.4,1099.7,1048.6,6.2,46.9
2017-09-16 22:10:00,1065.0,1010.9,712.9,749.8,1061.9,1038.7,5.8,46.1
2017-09-16 23:10:00,1059.3,958.9,694.1,742.7,1011.5,1025.6,5.9,43.6
2017-09-17 00:10:00,963.9,901.9,681.2,716.1,995.0,987.3,5.9,40.8
2017-09-17 01:10:00,974.5,870.2,572.8,678.0,993.7,958.6,4.9,39.1
2017-09-17 02:10:00,964.0,824.8,468.8,647.8,997.3,924.9,4.8,37.4
2017-09-17 03:10:00,928.4,797.7,439.3,642.5,999.9,895.0,4.9,37.1
2017-09-17 04:10:00,874.6,776.4,425.7,619.3,997.8,871.5,4.8,35.7
2017-09-17 05:10:00,839.3,764.3,430.5,606.2,993.0,861.3,4.9,35.9
2017-09-17 06:10:00,834.7,759.6,410.9,608.9,981.8,829.5,4.8,34.2
2017-09-17 07:10:00,838.1,771.7,415.3,601.7,1007.1,856.9,4.8,35.0
2017-09-17 08:10:00,837.6,819.0,484.5,602.2,1010.6,879.8,4.8,36.5
2017-09-17 09:10:00,792.3,871.2,594.9,632.6,1064.7,914.6,4.8,38.4
2017-09-17 10:10:00,810.2,916.5,651.8,640.6,1068.2,939.8,6.0,39.3
2017-09-17 11:10:00,865.1,963.8,691.3,653.0,1079.3,983.7,6.0,41.3
2017-09-17 12:10:00,892.7,977.8,713.8,675.5,1076.5,994.3,5.8,41.1
2017-09-17 13:10:00,924.0,994.2,736.5,686.8,1056.2,1001.2,5.7,40.1
2017-09-17 14:10:00,915.9,994.2,730.5,681.8,1066.4,1003.2,6.2,39.9
2017-09-17 15:10:00,913.3,981.4,730.2,678.2,1036.7,987.3,6.1,39.4
2017-09-17 16:10:00,903.8,968.8,740.2,672.9,1013.8,981.9,5.8,40.0
2017-09-17 17:10:00,878.2,975.2,748.9,660.5,1008.6,964.9,6.1,41.2
2017-09-17 18:10:00,963.8,998.6,737.4,703.6,992.6,956.5,8.7,43.8
2017-09-17 19:10:00,1017.8,1013.5,761.2,733.6,1004.5,1000.6,7.2,43.0
2017-09-17 20:10:00,1021.3,1014.0,742.8,724.2,1011.7,1001.2,7.8,44.2
2017-09-17 21:10:00,1035.6,1011.3,740.8,737.4,1028.8,1019.8,7.1,43.8
2017-09-17 22:10:00,989.1,936.8,752.3,734.6,980.8,1013.3,4.8,42.3
2017-09-17 23:10:00,952.1,883.1,739.2,708.9,913.8,978.1,4.8,39.9
2017-09-18 00:10:00,936.4,822.8,622.0,668.7,924.5,958.2,4.8,38.0
2017-09-18 01:10:00,879.3,766.1,567.2,642.1,910.9,917.8,4.8,36.2
2017-09-18 02:10:00,851.6,749.0,524.5,626.4,921.4,891.3,4.8,35.7
2017-09-18 03:10:00,829.9,709.6,495.0,616.3,889.1,858.7,4.8,34.2
2017-09-18 04:10:00,804.5,698.9,504.1,596.9,876.8,861.0,4.8,33.3
2017-09-18 05:10:00,804.0,697.1,507.8,597.7,854.0,841.5,4.8,34.2
2017-09-18 06:10:00,801.8,714.0,503.6,587.7,867.3,842.1,4.8,33.7
2017-09-18 07:10:00,838.2,782.5,523.6,609.5,953.5,893.1,4.8,35.0
2017-09-18 08:10:00,905.7,976.7,788.6,715.9,1058.1,1026.8,4.7,37.6
2017-09-18 09:10:00,1049.0,1135.2,805.5,788.4,1210.8,1106.9,4.8,39.6
2017-09-18 10:10:00,1076.9,1182.2,840.6,797.2,1209.0,1112.1,6.0,40.9
2017-09-18 11:10:00,1125.7,1228.1,893.5,827.8,1216.9,1147.5,9.5,42.1
2017-09-18 12:10:00,1066.7,1192.8,856.7,770.4,1184.7,1112.2,6.1,38.8
2017-09-18 13:10:00,1090.6,1233.5,924.5,834.3,1250.3,1165.9,8.6,40.4
2017-09-18 14:10:00,1129.7,1258.3,930.3,854.0,1254.1,1172.6,9.1,38.5
2017-09-18 15:10:00,1132.6,1253.1,916.1,847.4,1232.7,1151.5,9.3,38.6
2017-09-18 16:10:00,1134.8,1250.5,904.5,844.0,1221.1,1131.9,5.5,39.7
2017-09-18 17:10:00,1117.7,1198.8,874.7,809.2,1149.4,1099.2,5.6,40.1
2017-09-18 18:10:00,1086.7,1190.2,909.3,827.9,1167.2,1105.8,4.5,44.0
2017-09-18 19:10:00,1093.9,1168.4,900.4,845.4,1175.3,1120.8,8.5,43.4
2017-09-18 20:10:00,1051.6,1130.8,871.6,821.1,1167.9,1104.7,8.6,43.0
2017-09-18 21:10:00,1045.9,1090.0,882.6,792.5,1076.0,1089.4,8.9,41.4
2017-09-18 22:10:00,1067.4,1027.1,816.5,769.9,1022.2,1074.3,5.2,40.0
2017-09-18 23:10:00,1049.2,989.3,806.8,761.2,993.7,1065.2,4.6,38.6
2017-09-19 00:10:00,980.3,929.0,719.7,737.6,998.0,1000.0,4.6,35.9
2017-09-19 01:10:00,1013.1,865.0,597.2,703.9,958.4,971.0,4.6,33.3
2017-09-19 02:10:00,1011.1,841.5,569.6,692.8,934.2,951.9,4.6,33.5
2017-09-19 03:10:00,918.6,806.9,576.9,658.9,923.0,925.1,4.6,32.2
2017-09-19 04:10:00,888.2,794.0,569.7,646.6,920.5,910.5,4.6,31.7
2017-09-19 05:10:00,877.9,797.3,569.5,647.9,914.1,888.6,4.6,32.3
2017-09-19 06:10:00,883.2,804.5,561.0,647.0,916.0,881.0,4.6,32.3
2017-09-19 07:10:00,922.8,888.0,570.0,646.0,988.8,918.4,4.6,33.8
2017-09-19 08:10:00,954.8,1051.0,818.9,772.6,1114.4,1032.2,4.5,36.7
2017-09-19 09:10:00,1105.2,1200.0,897.4,838.1,1187.1,1115.8,4.6,40.4
2017-09-19 10:10:00,1153.5,1242.2,891.3,834.6,1188.3,1119.9,4.6,41.0
2017-09-19 11:10:00,1199.0,1305.4,950.6,861.4,1210.5,1154.6,4.6,43.3
2017-09-19 12:10:00,1185.1,1273.3,832.1,803.5,1203.4,1106.4,4.6,41.9
2017-09-19 13:10:00,1196.2,1319.6,963.0,865.9,1188.7,1128.2,8.9,43.1
2017-09-19 14:10:00,1200.0,1336.2,998.5,879.1,1188.8,1139.3,9.1,41.9
2017-09-19 15:10:00,1201.6,1324.6,971.1,874.9,1166.8,1108.1,9.1,41.1
2017-09-19 16:10:00,1203.5,1317.8,946.1,867.8,1168.5,1100.1,9.3,41.6
2017-09-19 17:10:00,1182.2,1269.4,899.7,824.9,1140.5,1089.5,4.6,43.3
2017-09-19 18:10:00,1185.0,1271.9,913.5,836.0,1140.2,1091.2,6.1,45.7
2017-09-19 19:10:00,1188.1,1258.8,908.8,838.7,1156.0,1115.8,5.7,45.2
2017-09-19 20:10:00,1178.6,1226.3,870.0,829.8,1149.8,1101.8,4.6,45.0
2017-09-19 21:10:00,1107.9,1193.9,866.9,794.9,1134.9,1081.6,4.6,43.7
2017-09-19 22:10:00,1072.5,1124.6,858.0,784.6,1071.2,1054.9,4.6,42.1
2017-09-19 23:10:00,1071.1,1091.3,819.4,776.8,1057.8,1045.2,4.6,39.6
2017-09-20 00:10:00,1015.8,1017.2,730.3,740.4,1048.7,1005.1,4.6,36.8
2017-09-20 01:10:00,1018.2,950.4,655.8,716.7,983.2,960.6,4.6,34.2
2017-09-20 02:10:00,1024.9,905.9,530.9,698.1,1002.2,925.0,4.6,33.6
2017-09-20 03:10:00,953.5,867.4,535.9,670.5,991.6,914.7,4.6,32.9
2017-09-20 04:10:00,944.2,856.2,503.3,654.5,973.9,882.9,4.6,32.4
2017-09-20 05:10:00,944.9,841.8,486.7,658.8,970.6,873.2,4.6,33.0
2017-09-20 06:10:00,954.7,861.8,491.3,639.6,980.7,897.5,4.6,32.4
2017-09-20 07:10:00,949.0,914.9,512.1,661.8,1039.6,895.9,4.5,32.6
2017-09-20 08:10:00,1010.2,1098.4,767.4,774.2,1147.7,1020.2,4.5,37.0
2017-09-20 09:10:00,1130.1,1233.9,854.3,845.0,1221.3,1090.6,3.8,40.1
2017-09-20 10:10:00,1142.7,1267.6,863.5,838.9,1228.0,1090.5,4.2,41.5
2017-09-20 11:10:00,1182.3,1332.0,933.7,861.2,1254.6,1142.2,8.6,43.8
2017-09-20 12:10:00,1162.4,1302.2,825.6,808.5,1256.1,1096.1,4.2,41.4
2017-09-20 13:10:00,1204.2,1363.3,946.0,872.2,1264.5,1146.8,11.6,44.0
2017-09-20 14:10:00,1215.9,1382.6,962.2,877.7,1277.4,1161.0,8.6,42.8
2017-09-20 15:10:00,1214.2,1361.3,926.6,862.9,1252.9,1135.6,8.9,42.8
2017-09-20 16:10:00,1210.4,1347.1,905.6,855.3,1230.6,1110.4,8.9,42.8
2017-09-20 17:10:00,1188.8,1297.3,833.5,825.8,1206.1,1067.5,4.5,42.3
2017-09-20 18:10:00,1189.3,1308.8,888.1,839.4,1214.0,1101.1,4.2,46.4
2017-09-20 19:10:00,1183.9,1298.9,887.2,841.8,1210.9,1098.0,4.2,47.5
2017-09-20 20:10:00,1162.4,1275.0,870.7,822.7,1189.3,1082.0,4.2,47.0
2017-09-20 21:10:00,1118.8,1230.6,860.9,804.1,1167.5,1072.0,4.2,44.7
2017-09-20 22:10:00,1075.9,1177.1,863.6,782.3,1117.0,1058.4,4.2,43.0
2017-09-20 23:10:00,1067.2,1146.7,851.7,768.0,1079.9,1047.7,4.2,40.6
2017-09-21 00:10:00,996.5,1062.0,764.6,739.5,1066.9,993.5,4.2,37.2
2017-09-21 01:10:00,1003.8,984.7,665.1,710.9,1017.3,960.4,4.3,34.5
2017-09-21 02:10:00,1026.5,945.4,563.2,685.4,998.2,927.5,4.3,33.8
2017-09-21 03:10:00,979.1,910.1,536.2,668.5,1002.6,910.7,4.4,32.9
2017-09-21 04:10:00,947.1,881.5,499.0,658.2,1010.0,888.4,4.4,32.3
2017-09-21 05:10:00,954.5,870.7,469.8,660.4,1018.4,883.7,4.4,32.4
2017-09-21 06:10:00,926.1,881.8,476.3,654.8,1026.0,865.0,4.4,31.2
2017-09-21 07:10:00,916.8,935.2,553.7,660.3,1062.8,909.7,4.4,32.5
2017-09-21 08:10:00,988.3,1112.6,795.5,780.1,1183.1,1041.2,4.4,37.4
2017-09-21 09:10:00,1118.1,1260.9,839.8,822.2,1281.6,1122.1,5.9,40.2
2017-09-21 10:10:00,1168.3,1313.6,853.9,844.7,1308.8,1136.0,5.8,42.4
2017-09-21 11:10:00,1186.7,1371.0,945.0,870.8,1313.4,1167.5,8.4,44.2
2017-09-21 12:10:00,1162.6,1335.6,853.0,819.1,1301.1,1124.2,6.1,43.9
2017-09-21 13:10:00,1184.2,1373.6,971.2,871.5,1285.7,1158.5,9.3,46.8
2017-09-21 14:10:00,1201.2,1384.5,990.5,887.2,1279.2,1164.1,9.3,44.4
2017-09-21 15:10:00,1197.6,1367.7,970.2,881.4,1260.9,1146.0,9.3,42.9
2017-09-21 16:10:00,1196.9,1359.7,960.5,874.7,1248.3,1138.3,9.2,42.3
2017-09-21 17:10:00,1202.4,1319.2,874.5,840.3,1225.2,1103.4,4.5,43.7
2017-09-21 18:10:00,1198.9,1335.6,955.9,869.5,1216.0,1124.2,6.4,48.0
2017-09-21 19:10:00,1192.0,1329.4,957.0,881.5,1220.9,1115.2,6.2,50.1
2017-09-21 20:10:00,1199.5,1298.2,887.6,852.5,1221.6,1116.0,6.3,48.3
2017-09-21 21:10:00,1176.6,1256.0,856.4,826.9,1194.0,1101.3,4.4,47.2
2017-09-21 22:10:00,1128.8,1206.8,860.9,806.4,1142.4,1078.4,4.5,44.9
2017-09-21 23:10:00,1112.4,1150.3,816.0,789.3,1121.2,1071.3,4.5,43.0
2017-09-22 00:10:00,1035.7,1074.6,762.4,753.2,1091.7,1027.4,4.5,39.1
2017-09-22 01:10:00,1022.8,1000.5,679.1,719.3,1043.4,997.7,9.2,36.9
2017-09-22 02:10:00,1006.4,951.8,598.3,692.8,1030.0,959.4,4.5,35.2
2017-09-22 03:10:00,995.2,925.6,531.9,669.2,1039.5,941.0,4.5,35.3
2017-09-22 04:10:00,970.1,887.8,505.3,669.1,1021.0,909.5,4.4,34.4
2017-09-22 05:10:00,962.7,884.3,482.0,653.5,1018.3,894.4,4.4,35.0
2017-09-22 06:10:00,951.7,881.9,482.1,654.0,1025.3,893.4,4.4,34.2
2017-09-22 07:10:00,1008.6,936.7,501.6,675.0,1049.0,916.2,4.2,35.5
2017-09-22 08:10:00,1038.8,1132.9,779.3,791.6,1174.0,1032.4,4.2,39.4
2017-09-22 09:10:00,1165.3,1273.4,861.0,851.6,1235.7,1098.8,4.3,42.5
2017-09-22 10:10:00,1183.2,1328.9,900.4,851.3,1253.7,1117.5,4.3,43.8
2017-09-22 11:10:00,1210.3,1380.6,968.0,876.8,1276.3,1156.9,5.9,46.3
2017-09-22 12:10:00,1193.1,1357.3,883.5,822.4,1271.1,1125.7,4.5,46.9
2017-09-22 13:10:00,1184.5,1393.3,1022.3,880.2,1276.1,1172.6,9.0,45.8
2017-09-22 14:10:00,1189.6,1405.9,1050.7,901.1,1266.7,1163.4,9.2,45.9
2017-09-22 15:10:00,1188.1,1396.5,1031.8,888.8,1245.7,1142.6,7.2,44.8
2017-09-22 16:10:00,1183.5,1375.4,1020.3,888.9,1235.0,1135.5,5.7,44.7
2017-09-22 17:10:00,1187.4,1331.2,930.3,852.5,1207.0,1101.7,4.5,43.8
2017-09-22 18:10:00,1184.3,1333.1,973.2,864.6,1204.1,1118.7,4.5,49.8
2017-09-22 19:10:00,1196.6,1328.7,944.0,870.5,1232.9,1128.4,4.6,50.4
2017-09-22 20:10:00,1185.5,1287.2,916.8,851.2,1210.9,1129.9,4.6,49.5
2017-09-22 21:10:00,1189.0,1254.3,906.9,822.9,1137.4,1113.5,4.6,47.2
2017-09-22 22:10:00,1166.8,1196.5,890.9,814.8,1091.5,1096.3,4.7,46.2
2017-09-22 23:10:00,1131.4,1173.1,852.7,811.0,1103.2,1068.4,9.1,43.9
2017-09-23 00:10:00,1053.4,1091.9,812.1,803.7,1092.0,1027.3,4.7,39.3
2017-09-23 01:10:00,1047.9,1031.8,706.2,768.4,1071.4,997.3,9.0,37.0
2017-09-23 02:10:00,990.1,990.4,652.8,731.5,1071.8,961.0,4.7,36.5
2017-09-23 03:10:00,961.1,941.0,570.7,697.2,1072.3,934.2,4.6,36.5
2017-09-23 04:10:00,937.5,916.1,543.8,685.8,1057.6,905.4,4.7,36.4
2017-09-23 05:10:00,893.7,896.5,545.7,684.2,1070.1,897.1,4.7,36.4
2017-09-23 06:10:00,875.5,874.1,514.6,672.2,1046.3,860.2,4.6,34.5
2017-09-23 07:10:00,892.9,904.2,520.2,688.7,1069.2,857.6,4.7,36.4
2017-09-23 08:10:00,923.9,958.4,613.7,724.2,1096.1,917.4,4.6,38.3
2017-09-23 09:10:00,996.0,1064.2,710.1,759.0,1127.3,973.6,4.7,41.4
2017-09-23 10:10:00,990.5,1117.7,791.1,790.4,1166.3,1001.3,4.7,43.2
2017-09-23 11:10:00,1034.0,1188.6,827.6,817.4,1219.5,1033.9,4.7,46.0
2017-09-23 12:10:00,1043.7,1184.4,803.7,791.5,1208.6,1038.1,4.7,46.6
2017-09-23 13:10:00,1058.5,1230.3,886.5,820.7,1213.6,1070.7,9.4,46.2
2017-09-23 14:10:00,1061.6,1224.4,886.3,829.6,1209.7,1067.8,9.4,45.1
2017-09-23 15:10:00,1061.4,1228.6,877.2,823.0,1202.2,1052.8,9.5,46.0
2017-09-23 16:10:00,1014.0,1191.8,860.3,811.9,1183.7,1022.3,9.4,41.4
2017-09-23 17:10:00,1016.0,1162.1,822.1,787.5,1149.0,998.6,4.7,43.6
2017-09-23 18:10:00,1049.3,1214.2,933.7,798.8,1098.1,1030.1,9.4,47.5
2017-09-23 19:10:00,1061.3,1205.6,919.4,815.2,1104.8,1022.2,4.7,47.2
2017-09-23 20:10:00,1073.1,1220.5,906.9,805.9,1121.2,1031.0,4.7,48.6
2017-09-23 21:10:00,1078.4,1214.6,942.0,805.4,1072.5,1029.8,4.7,47.8
2017-09-23 22:10:00,1080.9,1174.1,921.5,797.4,1038.7,1028.0,4.7,46.4
2017-09-23 23:10:00,1054.1,1130.3,877.8,789.9,1035.7,1008.3,4.7,43.7
